%time,field
1416504188712867009,180
1416504188738399030,184
1416504188757979262,179
1416504188778823113,179
1416504188803145784,179
1416504188823818662,179
1416504188848322525,180
1416504188868558202,180
1416504188889669828,199
1416504188914563699,180
1416504188934375586,178
1416504188955983177,181
1416504188978989907,179
1416504189000976672,181
1416504189024534271,180
1416504189044993164,179
1416504189065972500,181
1416504189090193432,178
1416504189110090442,179
1416504189135014306,180
1416504189155104664,181
1416504189176830557,180
1416504189200595651,180
1416504189221148236,180
1416504189242712213,180
1416504189266487971,182
1416504189286740092,179
1416504189310773679,180
1416504189331389447,180
1416504189356161029,180
1416504189376753119,180
1416504189397056831,183
1416504189421552013,178
1416504189442428337,180
1416504189462568849,179
1416504189487427374,181
1416504189507768646,180
1416504189532009853,181
1416504189552911144,180
1416504189573388348,174
1416504189597773952,178
1416504189618499424,180
1416504189638953401,176
1416504189663418215,180
1416504189683970059,180
1416504189708442119,180
1416504189728914512,180
1416504189749368339,182
1416504189774005007,177
1416504189794959889,179
1416504189818860169,179
1416504189838989595,180
1416504189860077162,180
1416504189884545765,179
1416504189905114286,180
1416504189925669979,179
1416504189950124359,183
1416504189970668640,180
1416504189994968335,179
1416504190014986063,181
1416504190036153052,179
1416504190060720157,181
1416504190080858598,177
1416504190101844746,176
1416504190126208641,180
1416504190146356289,179
1416504190171245520,184
1416504190191263193,180
1416504190212008199,182
1416504190236847165,184
1416504190257304761,181
1416504190277916284,179
1416504190301969356,183
1416504190322909012,179
1416504190347352478,180
1416504190367871833,180
1416504190388501022,179
1416504190413318349,177
1416504190433079902,178
1416504190458205634,180
1416504190478497148,182
1416504190498955374,180
1416504190523314237,179
1416504190543975680,181
1416504190564506160,184
1416504190589013861,179
1416504190609039896,179
1416504190634504688,180
1416504190654670522,180
1416504190675259394,180
1416504190699452708,180
1416504190720183597,179
1416504190740624274,177
1416504190764686456,178
1416504190785881932,181
1416504190810472722,180
1416504190830249143,181
1416504190850809421,180
1416504190875668448,180
1416504190896290240,185
1416504190916876171,181
1416504190941303510,179
1416504190962156416,180
1416504190985933326,179
1416504191006503830,180
1416504191027682696,181
1416504191051604379,179
1416504191072413636,181
1416504191096974803,179
1416504191117371751,183
1416504191138081627,180
1416504191162671284,181
1416504191182909698,177
1416504191203777131,181
1416504191227728602,182
1416504191248569460,184
1416504191273371964,179
1416504191293495051,180
1416504191314739444,181
1416504191338583236,179
1416504191358720596,181
1416504191383434754,180
1416504191403836808,184
1416504191424702683,178
1416504191448774993,179
1416504191469558457,182
1416504191494174118,179
1416504191514816465,179
1416504191534665226,180
1416504191559120863,181
1416504191579783514,181
1416504191600868726,182
1416504191625378186,180
1416504191645260327,180
1416504191669752583,180
1416504191694253504,180
1416504191711298843,180
1416504191735341192,180
1416504191756248538,179
1416504191780938859,179
1416504191801703956,177
1416504191821928939,179
1416504191846352875,180
1416504191866795020,180
1416504191887481984,180
1416504191911468640,180
1416504191932452923,180
1416504191956505944,179
1416504191977756952,182
1416504191998084317,180
1416504192022465306,180
1416504192042902966,180
1416504192063803249,181
1416504192087975700,181
1416504192108675323,179
1416504192133081449,179
1416504192153804471,180
1416504192174021867,180
1416504192198536579,180
1416504192218748076,180
1416504192239328855,183
1416504192264225828,179
1416504192284541837,178
1416504192308888348,176
1416504192329396298,180
1416504192349895221,180
1416504192374166893,180
1416504192395097419,184
1416504192419607130,181
1416504192439892144,178
1416504192460483281,180
1416504192485405391,180
1416504192506050150,180
1416504192526049717,180
1416504192550854858,181
1416504192570986028,184
1416504192595612503,178
1416504192616062396,179
1416504192636620894,179
1416504192661458052,180
1416504192682257075,180
1416504192702203768,180
1416504192727021376,180
1416504192746997976,183
1416504192771435403,183
1416504192792471313,179
1416504192812735711,180
1416504192837551440,178
1416504192858716598,180
1416504192878260197,181
1416504192903056647,180
1416504192923651057,177
1416504192948092012,181
1416504192968741742,180
1416504192988868411,180
1416504193013716555,180
1416504193033834887,180
1416504193058827165,181
1416504193078765254,181
1416504193099788981,179
1416504193123967236,179
1416504193144938570,179
1416504193166085401,182
1416504193189447101,180
1416504193210535450,180
1416504193234709170,181
1416504193254894403,178
1416504193279696330,182
1416504193300330616,179
1416504193320983242,179
1416504193345308463,180
1416504193365879367,180
1416504193386979422,182
1416504193410528497,184
1416504193431106630,181
1416504193455509052,179
1416504193475916959,184
1416504193497028581,179
1416504193521721998,180
1416504193541626335,179
1416504193562790806,177
1416504193586878215,180
1416504193607578139,178
1416504193631694489,182
1416504193652217312,179
1416504193672879991,180
1416504193698686800,180
1416504193718254193,180
1416504193742633970,182
1416504193763069820,181
1416504193783758654,180
1416504193808203689,184
1416504193828811693,180
1416504193849233492,182
1416504193873262296,180
1416504193893622322,180
1416504193918096846,183
1416504193938794229,179
1416504193959460178,180
1416504193983903024,181
1416504194004781477,181
1416504194025513679,179
1416504194050107090,180
1416504194070415872,181
1416504194094920727,179
1416504194115348424,176
1416504194135965611,180
1416504194160410936,180
1416504194180955192,180
1416504194202235697,179
1416504194226267560,180
1416504194246059171,180
1416504194270553226,179
1416504194291253411,180
1416504194311678843,177
1416504194336835324,180
1416504194357169193,180
1416504194381663073,177
1416504194402372739,181
1416504194422747336,179
1416504194446595608,179
1416504194467595076,176
1416504194487775538,180
1416504194512359106,180
1416504194532683439,180
1416504194557722324,178
1416504194578328085,179
1416504194598630282,179
1416504194623252117,181
1416504194643611890,181
1416504194664398446,180
1416504194688939227,181
1416504194709309128,181
1416504194733797967,181
1416504194754487567,174
1416504194774971547,181
1416504194799383762,180
1416504194819913305,180
1416504194840983908,179
1416504194864577042,181
1416504194885057183,180
1416504194909948724,184
1416504194930584238,179
1416504194951700545,179
1416504194975459229,181
1416504194995787576,180
1416504195016725800,180
1416504195041020008,181
1416504195062697637,180
1416504195086020233,183
1416504195106614623,180
1416504195128419019,179
1416504195151093251,178
1416504195172201951,179
1416504195196659859,180
1416504195217042926,180
1416504195238456622,180
1416504195262097028,178
1416504195282379947,180
1416504195306908425,180
1416504195327350420,179
1416504195347773592,181
1416504195372850207,179
1416504195393508903,181
1416504195418558096,181
1416504195438271565,181
1416504195458876759,179
1416504195483247896,179
1416504195503827948,180
1416504195524215364,179
1416504195548874148,181
1416504195568953686,180
1416504195593436481,180
1416504195614405655,178
1416504195634612727,180
1416504195659175373,183
1416504195679527223,181
1416504195704257564,180
1416504195724661167,177
1416504195745293247,185
1416504195770211864,178
1416504195790053919,180
1416504195811088126,182
1416504195835399442,180
1416504195856033762,180
1416504195880506776,179
1416504195900955301,179
1416504195921945536,181
1416504195945655304,178
1416504195966092157,179
1416504195987214243,179
1416504196011668057,178
1416504196032228059,180
1416504196056743167,180
1416504196077233185,184
1416504196098343364,179
1416504196122378584,181
1416504196142773306,177
1416504196163339032,180
1416504196187846502,179
1416504196208366699,181
1416504196232897658,181
1416504196253367316,185
1416504196274400565,178
1416504196298736787,180
1416504196318909552,183
1416504196339478489,178
1416504196363902501,180
1416504196385001729,179
1416504196408934308,182
1416504196429149799,178
1416504196449691179,183
1416504196474538504,180
1416504196495010808,181
1416504196519176885,184
1416504196539873115,180
1416504196560306656,178
1416504196584664207,183
1416504196605307768,179
1416504196626724647,180
1416504196650687679,181
1416504196670791933,177
1416504196695875058,180
1416504196716233042,179
1416504196736416461,186
1416504196760539556,183
1416504196781694250,179
1416504196802482990,180
1416504196826572053,179
1416504196846835017,180
1416504196871748853,180
1416504196891952688,181
1416504196913731652,181
1416504196937193435,180
1416504196957525163,179
1416504196978489487,179
1416504197002764465,180
1416504197023309458,180
1416504197047786310,176
1416504197067917515,179
1416504197088778529,183
1416504197114339331,178
1416504197133544433,179
1416504197158452883,180
1416504197178786051,180
1416504197200313474,180
1416504197223972653,181
1416504197244341712,182
1416504197268962354,181
1416504197289167162,179
1416504197310164530,180
1416504197334310611,180
1416504197354996073,179
1416504197379537465,180
1416504197399860150,179
1416504197420777170,180
1416504197445057141,179
1416504197466037495,180
1416504197486155917,179
1416504197510243546,182
1416504197530820060,181
1416504197555658486,180
1416504197576278499,181
1416504197596349342,173
1416504197620900296,180
1416504197642868915,180
1416504197661971305,179
1416504197686737346,185
1416504197706859977,180
1416504197731736820,180
1416504197752405227,181
1416504197772918067,179
1416504197797380726,181
1416504197818315548,179
1416504197842014832,180
1416504197862538827,181
1416504197883497513,179
1416504197907671157,182
1416504197928568594,184
1416504197949116568,177
1416504197973025608,179
1416504197994392082,180
1416504198018702958,181
1416504198038986729,180
1416504198059644547,179
1416504198083981366,181
1416504198104245062,179
1416504198125074088,180
1416504198149668070,179
1416504198170096955,180
1416504198194554217,180
1416504198215158469,182
1416504198235734903,184
1416504198260091958,180
