%time,field
1416504239212035051,153
1416504239237131687,153
1416504239257968642,155
1416504239278112611,152
1416504239302292660,156
1416504239323229681,151
1416504239347808253,151
1416504239368028485,153
1416504239388623141,149
1416504239413320817,153
1416504239433883280,154
1416504239458564258,152
1416504239478970397,153
1416504239499510714,154
1416504239523841464,152
1416504239544484745,152
1416504239564960847,151
1416504239589109359,152
1416504239609711276,152
1416504239634047424,156
1416504239654832085,151
1416504239675192935,153
1416504239700031567,153
1416504239720673930,152
1416504239740913867,154
1416504239766761795,151
1416504239785822510,153
1416504239810560437,154
1416504239831004682,150
1416504239851767353,154
1416504239876182089,151
1416504239896812831,152
1416504239917117324,152
1416504239941388103,154
1416504239962330041,152
1416504239986747057,153
1416504240007339116,152
1416504240027721766,153
1416504240052286241,151
1416504240072917419,152
1416504240098451015,147
1416504240117318773,151
1416504240138438854,157
1416504240162805405,152
1416504240183913173,152
1416504240204748574,152
1416504240228220363,153
1416504240249683812,151
1416504240274131186,156
1416504240293471320,153
1416504240315035858,154
1416504240338597205,151
1416504240359535283,153
1416504240381205015,149
1416504240404336523,151
1416504240425177511,153
1416504240450015621,154
1416504240469691395,156
1416504240491474833,151
1416504240515024188,152
1416504240535672816,152
1416504240559686177,154
1416504240580301580,152
1416504240601379911,153
1416504240626119252,153
1416504240646251675,156
1416504240670756390,154
1416504240691217899,151
1416504240711497460,151
1416504240736200755,152
1416504240756459855,153
1416504240781285266,153
1416504240802000966,153
1416504240822102504,151
1416504240846762214,156
1416504240866880064,152
1416504240887931505,150
1416504240912484133,153
1416504240932866152,153
1416504240957235735,156
1416504240978294973,153
1416504240998223058,151
1416504241022956070,153
1416504241043208801,153
1416504241063985398,153
1416504241088524912,153
1416504241108783130,152
1416504241133180180,154
1416504241154035612,151
1416504241174184161,149
1416504241198669116,152
1416504241219387692,152
1416504241240197365,153
1416504241264836704,153
1416504241284727405,152
1416504241309445838,157
1416504241330422730,153
1416504241350522454,151
1416504241375019903,152
1416504241395625710,152
1416504241420078705,153
1416504241440771820,151
1416504241460831653,153
1416504241485626243,151
1416504241505968638,152
1416504241526913822,156
1416504241551085644,152
1416504241571836813,153
1416504241596039893,153
1416504241616948029,154
1416504241637232853,157
1416504241661923739,153
1416504241682403875,151
1416504241703073661,152
1416504241727347307,155
1416504241747573888,154
1416504241772393661,153
1416504241793184606,152
1416504241813177088,151
1416504241837684368,152
1416504241858489275,153
1416504241878767493,154
1416504241903528949,153
1416504241923876660,153
1416504241948070551,153
1416504241968903661,154
1416504241989732778,150
1416504242014060522,152
1416504242034194318,152
1416504242055521162,148
1416504242079814994,152
1416504242100294383,153
1416504242124669158,151
1416504242145367469,152
1416504242165773542,152
1416504242190250333,152
1416504242210725367,147
1416504242235092585,152
1416504242255779169,152
1416504242277594781,152
1416504242300824522,153
1416504242321738751,151
1416504242342162419,152
1416504242366051388,151
1416504242389060202,152
1416504242410896222,151
1416504242431479085,153
1416504242452240559,151
1416504242476555328,157
1416504242497447823,150
1416504242518541148,151
1416504242541975398,151
1416504242562600437,153
1416504242587060330,152
1416504242607570238,153
1416504242632172318,154
1416504242652950233,154
1416504242673881913,152
1416504242698085163,152
1416504242718058733,152
1416504242739153296,151
1416504242763757270,152
1416504242784195617,152
1416504242808719700,158
1416504242829185343,152
1416504242849744478,151
1416504242874053539,152
1416504242895082564,152
1416504242919216527,153
1416504242939822639,152
1416504242960173437,154
1416504242984875249,152
1416504243005320210,149
1416504243026189918,153
1416504243050261853,153
1416504243070790709,152
1416504243095403864,153
1416504243115863754,152
1416504243136470256,157
1416504243160852734,147
1416504243181261699,152
1416504243201846409,153
1416504243226218312,152
1416504243246879844,153
1416504243270849607,153
1416504243291444843,151
1416504243311816897,152
1416504243337208416,151
1416504243357549848,152
1416504243378343870,154
1416504243402473705,153
1416504243423045586,152
1416504243447607207,152
1416504243467830125,154
1416504243489123544,153
1416504243513456048,150
1416504243533630111,153
1416504243558141420,151
1416504243578448023,152
1416504243599260547,152
1416504243623314430,151
1416504243644288460,156
1416504243664811464,151
1416504243688958618,152
1416504243709773517,151
1416504243734224159,152
1416504243754388114,153
1416504243775193141,153
1416504243799728129,158
1416504243819874434,150
1416504243841082469,152
1416504243866306814,152
1416504243885903784,151
1416504243910058575,153
1416504243930810412,153
1416504243951553394,152
1416504243976029102,153
1416504243996670027,151
1416504244017476337,151
1416504244042802929,151
1416504244062019688,153
1416504244086410823,153
1416504244106694896,153
1416504244127731137,156
1416504244151652585,151
1416504244172771323,152
1416504244196548866,151
1416504244216911718,152
1416504244238720608,149
1416504244262270828,154
1416504244282996066,152
1416504244303660574,154
1416504244327722490,148
1416504244348435318,152
1416504244372675879,151
1416504244393415809,152
1416504244414053296,152
1416504244438768037,149
1416504244458796020,152
1416504244480314738,157
1416504244504414710,152
1416504244524456422,151
1416504244548852225,155
1416504244569983136,151
1416504244594047883,154
1416504244614356399,152
1416504244635438069,157
1416504244659376459,150
1416504244680348060,151
1416504244700882474,152
1416504244725366383,152
1416504244745959079,152
1416504244770318813,153
1416504244790993312,153
1416504244811451623,157
1416504244835615523,152
1416504244856221645,151
1416504244881274541,153
1416504244901187437,151
1416504244921735071,153
1416504244946349559,152
1416504244967142364,153
1416504244987673505,151
1416504245012043565,149
1416504245032161004,152
1416504245058233014,153
1416504245077712924,153
1416504245097888617,152
1416504245122518022,152
1416504245142784875,158
1416504245163672780,152
1416504245188315833,152
1416504245208683350,151
1416504245233158019,152
1416504245253421134,154
1416504245274247340,153
1416504245298693931,151
1416504245319112363,153
1416504245339912570,151
1416504245364387027,154
1416504245385090603,148
1416504245409064755,153
1416504245429517865,152
1416504245450209675,152
1416504245474431283,153
1416504245495381269,152
1416504245519961038,153
1416504245540036954,152
1416504245561546713,156
1416504245585854005,153
1416504245606114503,156
1416504245626526369,152
1416504245651041793,155
1416504245671200816,151
1416504245696165648,153
1416504245716245422,152
1416504245737662311,153
1416504245762058404,151
1416504245781907400,151
1416504245802616455,156
1416504245826811072,151
1416504245847642453,153
1416504245871890847,152
1416504245892315417,153
1416504245912926956,152
1416504245938054031,153
1416504245958211488,152
1416504245978864819,156
1416504246003237208,154
1416504246023870061,151
1416504246047913084,152
1416504246068493983,154
1416504246090256354,153
1416504246114161380,152
1416504246134344352,153
1416504246159084351,150
1416504246179384511,152
1416504246201455933,150
1416504246224135780,152
1416504246244634362,152
1416504246266871835,152
1416504246290052555,152
1416504246310589675,153
1416504246335122188,150
1416504246355196778,152
1416504246377003072,153
1416504246400779494,152
1416504246421128564,153
1416504246442101241,154
1416504246466234313,153
1416504246486739969,150
1416504246511226796,152
1416504246531731142,152
1416504246555879293,153
1416504246576795492,152
1416504246597301106,152
1416504246621675159,152
1416504246641768749,155
1416504246662448508,152
1416504246687256935,151
1416504246707771274,153
1416504246731900177,151
1416504246753046151,153
1416504246777672337,153
1416504246797868028,154
1416504246818345467,152
1416504246842758053,153
1416504246863430655,150
1416504246883591438,151
1416504246907958079,156
1416504246929353699,151
1416504246949139066,153
1416504246973521363,153
1416504246994087534,153
1416504247018430176,152
1416504247038854789,152
1416504247059493191,153
1416504247084320051,150
1416504247105743078,152
1416504247125663551,152
1416504247149666188,153
1416504247170444991,151
1416504247195062546,153
1416504247215603549,155
1416504247236225993,153
1416504247260850688,154
1416504247281291119,153
1416504247301189258,155
1416504247325853966,152
1416504247346670900,151
1416504247371229250,151
1416504247391716792,152
1416504247411971342,152
1416504247436309109,152
1416504247457828579,151
1416504247482072443,152
1416504247502270319,152
1416504247522918506,153
1416504247547295401,152
1416504247567200232,152
1416504247588571368,152
1416504247613013010,153
1416504247634394192,157
1416504247658286258,146
1416504247678348252,151
1416504247699084078,152
1416504247723058340,152
1416504247744018885,152
1416504247764416198,153
1416504247788683479,152
1416504247809755020,151
1416504247834316488,151
1416504247854120397,152
1416504247875311649,151
1416504247899107232,152
1416504247920168119,152
1416504247940496732,156
1416504247964621440,157
1416504247986043450,155
1416504248009794983,153
1416504248030374078,152
1416504248051264213,153
1416504248075714194,153
1416504248095934835,153
1416504248116383531,152
1416504248141179067,161
1416504248161949498,152
1416504248185979628,151
1416504248206958854,153
1416504248227586660,152
1416504248251767295,154
1416504248271892061,153
1416504248297060840,157
1416504248317326786,149
1416504248338262800,154
1416504248362232788,151
1416504248382990122,153
1416504248404325671,152
1416504248427947505,155
1416504248448641335,152
1416504248473212324,156
1416504248493519639,152
1416504248517888055,152
1416504248538177819,152
1416504248559022441,152
1416504248583439617,152
1416504248603893258,151
1416504248626079304,153
1416504248648769698,155
1416504248669468830,150
1416504248694031551,151
1416504248714493411,151
1416504248735264561,151
1416504248759512484,152
