%time,field
1416504297161947969,131
1416504297186542244,132
1416504297207326715,131
1416504297227706789,132
1416504297252023438,131
1416504297273248597,135
1416504297297589861,131
1416504297317853446,131
1416504297338192216,132
1416504297362577576,133
1416504297382998292,131
1416504297403541992,132
1416504297428476350,135
1416504297449246157,135
1416504297473381480,131
1416504297493909199,132
1416504297514744895,132
1416504297538536524,134
1416504297559566010,132
1416504297580203252,131
1416504297604179724,135
1416504297625774586,129
1416504297649938403,132
1416504297670091433,131
1416504297691822989,132
1416504297715091197,131
1416504297735644960,131
1416504297756276564,133
1416504297780213407,132
1416504297800860867,131
1416504297825192274,132
1416504297845944378,132
1416504297870627794,132
1416504297890747765,132
1416504297911317908,134
1416504297936438439,137
1416504297956826287,130
1416504297981273937,132
1416504298001853313,132
1416504298021935462,131
1416504298046753406,131
1416504298067484706,132
1416504298087501909,131
1416504298112245239,136
1416504298132906437,130
1416504298157324197,133
1416504298177912498,132
1416504298198093176,132
1416504298222528653,131
1416504298243499276,132
1416504298263612496,136
1416504298288898986,132
1416504298308555396,129
1416504298333123183,130
1416504298353666487,131
1416504298374691147,131
1416504298398621365,133
1416504298419356533,139
1416504298439624870,138
1416504298465058093,130
1416504298485150476,130
1416504298509672775,136
1416504298530017544,131
1416504298550748293,132
1416504298575137290,132
1416504298595468784,132
1416504298620223510,131
1416504298640298107,131
1416504298661427274,132
1416504298685578923,132
1416504298706210452,131
1416504298726912165,132
1416504298751289356,130
1416504298771352054,132
1416504298795836865,133
1416504298817235713,131
1416504298837501313,132
1416504298861412397,132
1416504298881808811,131
1416504298902979103,132
1416504298926936633,137
1416504298947637118,130
1416504298972431374,131
1416504298992795397,132
1416504299013192905,133
1416504299037994638,132
1416504299058158412,131
1416504299078840396,133
1416504299103614470,132
1416504299123766122,132
1416504299148629629,131
1416504299170565945,131
1416504299189674668,131
1416504299214060493,132
1416504299234303302,132
1416504299259191390,137
1416504299279407102,130
1416504299300388213,131
1416504299324721844,132
1416504299344753625,131
1416504299366214518,133
1416504299390267048,132
1416504299410750812,133
1416504299435319812,128
1416504299455797066,132
1416504299476703468,130
1416504299500292082,131
1416504299521723323,131
1416504299542545013,132
1416504299566015714,136
1416504299586908350,132
1416504299611313299,132
1416504299631611197,131
1416504299653255185,134
1416504299676973031,132
1416504299697056313,133
1416504299718824227,130
1416504299742417546,132
1416504299762977328,135
1416504299787279729,132
1416504299808184647,132
1416504299832579347,134
1416504299853131471,132
1416504299873793319,131
1416504299897581480,131
1416504299918068221,130
1416504299943048964,132
1416504299963637967,131
1416504299983795331,131
1416504300008906149,130
1416504300029204438,133
1416504300049778923,132
1416504300074007026,132
1416504300094231487,137
1416504300119190230,130
1416504300139401612,132
1416504300160034269,132
1416504300185258178,132
1416504300204925177,131
1416504300226309707,133
1416504300250234081,132
1416504300270927781,134
1416504300295280226,130
1416504300315749382,131
1416504300336032857,131
1416504300361263617,131
1416504300380927228,132
1416504300402047334,132
1416504300426406443,133
1416504300446612604,130
1416504300471005820,132
1416504300491977971,131
1416504300512878129,129
1416504300537462789,134
1416504300557565315,131
1416504300582004190,132
1416504300602504737,133
1416504300622808704,131
1416504300648002485,132
1416504300667868569,131
1416504300688965488,132
1416504300713416566,136
1416504300733194656,133
1416504300757883643,132
1416504300778118633,131
1416504300798814579,130
1416504300823200739,134
1416504300843933854,131
1416504300864524981,132
1416504300890364335,132
1416504300909472401,132
1416504300934302183,136
1416504300954451985,134
1416504300974929280,132
1416504300999511816,132
1416504301019944153,132
1416504301041637749,131
1416504301065490075,131
1416504301085915437,137
1416504301110006760,131
1416504301130423738,131
1416504301151530879,130
1416504301175872714,132
1416504301196450763,131
1416504301217076143,132
1416504301241241032,132
1416504301262188597,135
1416504301286499818,132
1416504301306979353,130
1416504301327193742,133
1416504301352071677,132
1416504301372750102,130
1416504301397025738,132
1416504301418854675,131
1416504301438400386,130
1416504301462690055,132
1416504301483132918,132
1416504301505078688,131
1416504301528196681,132
1416504301548880474,127
1416504301572827028,132
1416504301593948167,136
1416504301614360138,131
1416504301638477731,132
1416504301659088012,132
1416504301681474988,129
1416504301704423020,133
1416504301724911365,133
1416504301749338298,132
1416504301770049032,131
1416504301791000636,129
1416504301814317820,133
1416504301835228832,130
1416504301859765053,133
1416504301880737640,131
1416504301900603389,131
1416504301925450654,133
1416504301946191912,130
1416504301970444635,131
1416504301990497233,128
1416504302011573715,130
1416504302035804935,133
1416504302056815918,132
1416504302080554793,131
1416504302101195668,137
1416504302122078556,131
1416504302146508266,131
1416504302167049881,132
1416504302187445486,133
1416504302212189282,132
1416504302233052220,132
1416504302257464861,132
1416504302277313807,130
1416504302298172255,132
1416504302322674253,132
1416504302343302404,132
1416504302363411290,132
1416504302388283707,133
1416504302409742150,132
1416504302433738417,131
1416504302453778997,129
1416504302474221979,131
1416504302498328862,134
1416504302519336834,132
1416504302539977684,132
1416504302564031943,131
1416504302585413115,135
1416504302610094014,129
1416504302629887815,132
1416504302650495405,131
1416504302674997739,129
1416504302695835415,132
1416504302719889849,132
1416504302740532869,130
1416504302762171234,138
1416504302785840255,131
1416504302806078007,130
1416504302826605365,134
1416504302851149313,133
1416504302871232906,132
1416504302896210211,132
1416504302916638668,131
1416504302937337396,131
1416504302961851870,131
1416504302981809826,132
1416504303002351827,131
1416504303027206028,133
1416504303047332959,131
1416504303071849846,137
1416504303093300842,141
1416504303113776302,133
1416504303138136108,129
1416504303158338946,132
1416504303178648325,132
1416504303203306728,134
1416504303223789435,131
1416504303248389415,132
1416504303268546694,128
1416504303289460894,131
1416504303314109143,132
1416504303334468150,131
1416504303358885993,131
1416504303379399715,131
1416504303399657758,132
1416504303424029090,136
1416504303445039988,125
1416504303465373387,130
1416504303489575731,132
1416504303510350239,132
1416504303534511055,131
1416504303555473654,132
1416504303577723855,130
1416504303600690931,132
1416504303621159736,134
1416504303642841535,132
1416504303666625606,131
1416504303686157504,132
1416504303710836443,131
1416504303731159305,132
1416504303755703186,133
1416504303777655858,134
1416504303796958221,127
1416504303821734616,131
1416504303842262490,133
1416504303863707647,132
1416504303886979413,132
1416504303907789948,131
1416504303932003974,133
1416504303953210400,130
1416504303974562477,131
1416504303997561384,134
1416504304018358544,132
1416504304042325109,133
1416504304063402608,133
1416504304083997875,132
1416504304108088457,126
1416504304129282014,129
1416504304149502732,132
1416504304173734298,132
1416504304194475951,132
1416504304218812770,137
1416504304239407588,129
1416504304260041207,137
1416504304284136752,131
1416504304305405334,131
1416504304325667351,132
1416504304350105370,130
1416504304370558469,131
1416504304394712469,132
1416504304415532731,132
1416504304436001872,133
1416504304460701212,132
1416504304481494678,129
1416504304501151855,134
1416504304525783151,132
1416504304546642511,132
1416504304571010436,132
1416504304591701705,136
1416504304612168937,131
1416504304636322651,130
1416504304657660601,133
1416504304681590409,131
1416504304701822136,133
1416504304722964702,132
1416504304746860307,133
1416504304767817078,135
1416504304787964560,131
1416504304812932168,131
1416504304833605352,132
1416504304858151826,134
1416504304877967371,129
1416504304899051966,132
1416504304923005988,137
1416504304943974405,132
1416504304964850419,132
1416504304988949449,134
1416504305009633241,131
1416504305034004724,133
1416504305054538536,132
1416504305074723564,132
1416504305099144969,136
1416504305119690038,132
1416504305140911664,131
1416504305165172080,132
1416504305185228796,132
1416504305210029897,132
1416504305230191697,131
1416504305251500841,135
1416504305275600287,131
1416504305296355732,131
1416504305321135104,131
1416504305341253661,132
1416504305362985327,133
1416504305385955405,131
1416504305406865134,131
1416504305428395655,136
1416504305451301823,130
1416504305472333787,132
1416504305496599281,131
1416504305517264593,132
1416504305538140019,130
1416504305562315838,131
1416504305582968449,131
1416504305603597784,131
1416504305627936517,131
1416504305648773060,134
1416504305673226704,132
1416504305693438993,132
1416504305717513693,131
1416504305738463263,132
1416504305759007845,132
1416504305783227493,130
1416504305803954534,132
1416504305825102864,133
1416504305848759677,131
