%time,field
1416504479124086175,127
1416504479144263189,128
1416504479164721556,129
1416504479189691795,128
1416504479210240737,129
1416504479234699683,131
1416504479254738218,127
1416504479277076419,127
1416504479300316187,127
1416504479320757625,127
1416504479342385407,128
1416504479365860539,129
1416504479386349334,128
1416504479411067121,131
1416504479431174167,127
1416504479452749018,127
1416504479476439994,129
1416504479496903467,129
1416504479521265999,127
1416504479541923142,128
1416504479566364016,127
1416504479586666570,131
1416504479607941527,125
1416504479632059099,128
1416504479652652462,127
1416504479673039502,128
1416504479697331163,128
1416504479717949383,128
1416504479742497851,132
1416504479763063135,126
1416504479784197408,127
1416504479808632865,129
1416504479828729898,128
1416504479848971178,128
1416504479873451001,132
1416504479893877165,126
1416504479918381183,132
1416504479939129792,126
1416504479959708802,127
1416504479984243715,125
1416504480004426112,127
1416504480024866227,129
1416504480049340778,128
1416504480070287231,129
1416504480095189010,124
1416504480115442402,130
1416504480135963271,128
1416504480160013575,134
1416504480180916033,129
1416504480205341097,128
1416504480225865077,128
1416504480246280647,131
1416504480270996009,126
1416504480291477919,127
1416504480312650248,126
1416504480336544675,128
1416504480356668448,128
1416504480381461260,130
1416504480402036998,129
1416504480422592921,131
1416504480447021818,128
1416504480467283981,127
1416504480488508513,127
1416504480512719235,128
1416504480532646149,128
1416504480557272699,128
1416504480577641063,131
1416504480599247407,127
1416504480623333150,126
1416504480643705031,129
1416504480664636525,128
1416504480688719759,128
1416504480709208414,128
1416504480733703056,128
1416504480754267428,124
1416504480774950874,127
1416504480799336965,127
1416504480819956477,127
1416504480844432987,128
1416504480864754043,128
1416504480885139470,129
1416504480909876576,132
1416504480930331805,129
1416504480951150039,127
1416504480975023481,123
1416504480995610010,123
1416504481020585532,129
1416504481040835540,128
1416504481061570461,128
1416504481085683874,128
1416504481106376061,130
1416504481127260083,126
1416504481151194535,129
1416504481172190585,129
1416504481196636882,128
1416504481216628802,129
1416504481238480525,132
1416504481262071780,128
1416504481282052034,128
1416504481304473428,129
1416504481327316197,128
1416504481348200484,130
1416504481372733718,128
1416504481392751335,131
1416504481414326918,128
1416504481438205982,127
1416504481458685275,128
1416504481483220579,128
1416504481503866557,128
1416504481525056870,127
1416504481548846304,128
1416504481569396434,133
1416504481593568971,127
1416504481614351582,127
1416504481634657439,127
1416504481659379540,127
1416504481680055640,127
1416504481704519808,128
1416504481724913217,128
1416504481745235967,126
1416504481769851151,127
1416504481790435173,128
1416504481811042026,127
1416504481835035757,128
1416504481855638030,128
1416504481880208980,128
1416504481900516690,128
1416504481921907910,131
1416504481945662194,128
1416504481966606247,128
1416504481987089575,129
1416504482011292460,127
1416504482031745650,129
1416504482056551372,125
1416504482077116785,132
1416504482097710284,127
1416504482121941308,126
1416504482143051671,127
1416504482167256683,128
1416504482187717049,128
1416504482208777439,128
1416504482232727913,128
1416504482253330331,124
1416504482274052816,129
1416504482297935336,127
1416504482318459000,128
1416504482343720404,127
1416504482363892613,130
1416504482384152059,128
1416504482408470461,130
1416504482428890175,126
1416504482449586707,127
1416504482474001683,129
1416504482494540176,128
1416504482518894444,129
1416504482539559775,124
1416504482560057380,128
1416504482584614333,131
1416504482605115171,126
1416504482625710163,128
1416504482650191694,124
1416504482670641811,128
1416504482695106426,128
1416504482715607059,128
1416504482736228518,132
1416504482760718726,129
1416504482781273601,126
1416504482805717994,128
1416504482826205251,128
1416504482847513113,128
1416504482871925257,127
1416504482891858023,129
1416504482912583996,133
1416504482937267827,126
1416504482957621887,127
1416504482981754608,124
1416504483002733507,125
1416504483023933171,130
1416504483048072061,129
1416504483068359160,128
1416504483088847860,128
1416504483113010520,126
1416504483133851584,128
1416504483157995721,132
1416504483178884394,128
1416504483199102528,126
1416504483223421978,128
1416504483244527152,134
1416504483264976298,128
1416504483289233502,130
1416504483310067835,127
1416504483334458947,130
1416504483355012750,128
1416504483376723334,129
1416504483400215414,132
1416504483421111758,129
1416504483445111242,127
1416504483465248462,127
1416504483486776532,127
1416504483510606372,128
1416504483531182932,128
1416504483552813309,129
1416504483575782730,129
1416504483596758118,126
1416504483620826343,128
1416504483641343699,126
1416504483666163793,127
1416504483686779847,127
1416504483707357940,127
1416504483731705608,128
1416504483752494779,131
1416504483772967864,128
1416504483797331770,127
1416504483817802660,128
1416504483842177445,128
1416504483862338162,128
1416504483883437146,128
1416504483907737201,128
1416504483929481852,130
1416504483948961230,127
1416504483973181430,129
1416504483993971123,127
1416504484018198810,129
1416504484039018881,128
1416504484059058689,126
1416504484083974014,135
1416504484104589316,129
1416504484128823428,127
1416504484149576447,129
1416504484170161300,128
1416504484194255559,128
1416504484215500173,128
1416504484235763227,123
1416504484260179124,127
1416504484280526811,127
1416504484305126064,127
1416504484325751730,128
1416504484346393578,130
1416504484370676074,128
1416504484391167319,130
1416504484411812349,133
1416504484435948980,130
1416504484456682530,127
1416504484481273996,127
1416504484501747702,127
1416504484522382840,128
1416504484546740160,127
1416504484567536748,136
1416504484587948930,127
1416504484611914483,127
1416504484632786281,128
1416504484656934318,128
1416504484677902214,132
1416504484698288928,128
1416504484722702892,128
1416504484743473100,132
1416504484763854698,127
1416504484788526441,126
1416504484808474498,128
1416504484833473501,128
1416504484854057462,127
1416504484874300571,128
1416504484899024948,136
1416504484919854667,129
1416504484943580591,126
1416504484964022686,129
1416504484984695995,127
1416504485009181084,128
1416504485030162351,130
1416504485050704156,127
1416504485075164821,134
1416504485095835359,127
1416504485120527225,126
1416504485140800730,128
1416504485161364816,128
1416504485185725349,127
1416504485206305381,128
1416504485227270130,128
1416504485251297303,132
1416504485271989138,127
1416504485296571363,127
1416504485316509166,128
1416504485337925608,124
1416504485361946637,128
1416504485381938211,129
1416504485403995560,131
1416504485427754174,127
1416504485447952702,128
1416504485472560265,125
1416504485492891413,129
1416504485513744890,128
1416504485538014301,128
1416504485558464429,128
1416504485582943209,132
1416504485603399196,125
1416504485627959140,128
1416504485648514973,128
1416504485668721505,128
1416504485693035006,128
1416504485713606389,128
1416504485734643717,130
1416504485759461526,126
1416504485779655503,129
1416504485803724400,127
1416504485824538548,128
1416504485845369218,128
1416504485869239510,125
1416504485889880451,128
1416504485910858896,131
1416504485936337266,127
1416504485955776103,126
1416504485980094355,130
1416504486000680316,128
1416504486021407747,128
1416504486045845720,128
1416504486066051424,128
1416504486086458370,134
1416504486110981340,127
1416504486131986817,128
1416504486155869842,129
1416504486176661224,128
1416504486197553669,127
1416504486221614056,128
1416504486242183736,129
1416504486266554977,128
1416504486287809593,126
1416504486307614830,128
1416504486332045747,124
1416504486352805341,126
1416504486373289457,131
1416504486397578648,128
1416504486418257043,126
1416504486442778485,127
1416504486463244208,127
1416504486484264078,128
1416504486508196851,128
1416504486529202437,127
1416504486549756626,127
1416504486574202127,132
1416504486594705069,128
1416504486619182166,126
1416504486640306131,129
1416504486660387864,130
1416504486684338589,130
1416504486704772830,129
1416504486725922694,128
1416504486750413963,128
1416504486770860553,126
1416504486794937944,128
1416504486816247139,127
1416504486836088963,128
1416504486860940513,127
1416504486880996769,129
1416504486905911337,133
1416504486926446688,125
1416504486946584905,128
1416504486971024797,127
1416504486991576967,127
1416504487012612195,128
1416504487037029341,129
1416504487057333228,128
1416504487081586468,129
1416504487102524346,126
1416504487123145010,128
1416504487147539730,127
1416504487168375081,127
1416504487189438368,128
1416504487213091393,128
1416504487233642766,134
1416504487257868177,126
1416504487278663462,125
1416504487299952161,128
1416504487323331123,128
1416504487344278564,128
1416504487366036640,130
1416504487389269057,128
1416504487409606851,133
1416504487433985609,127
1416504487454834180,123
1416504487479404309,127
1416504487499853536,129
1416504487520525920,128
1416504487544728711,127
1416504487565366148,128
1416504487589816950,126
1416504487610383076,127
1416504487630929097,127
1416504487655772203,129
1416504487675975146,128
1416504487696019565,129
1416504487720806567,128
1416504487741481706,134
1416504487765433899,128
1416504487786501707,127
1416504487807241255,132
1416504487831880570,127
1416504487852066719,129
1416504487872624055,128
1416504487897067366,128
1416504487917480580,130
1416504487941632237,128
1416504487962561944,126
1416504487982753511,127
1416504488007850438,127
1416504488027778688,128
1416504488048737297,127
1416504488073155684,131
1416504488093413439,130
1416504488118233383,127
1416504488138741768,132
1416504488160150167,127
1416504488183950832,128
1416504488204323700,127
1416504488228825677,129
1416504488249256833,132
1416504488269912111,123
1416504488294286968,127
1416504488314675621,129
1416504488335248776,127
1416504488360213127,128
1416504488380460270,129
1416504488404954030,132
1416504488425306431,128
1416504488446017065,127
1416504488470367806,128
1416504488491047162,127
1416504488512050566,128
1416504488535993574,129
1416504488556664078,131
1416504488581055666,131
1416504488601345471,128
1416504488622157038,128
1416504488646633423,126
1416504488667129070,128
1416504488688293025,128
1416504488712082654,129
1416504488732689342,128
1416504488757123877,127
1416504488777531945,127
1416504488798162707,129
1416504488822735626,127
1416504488843189327,132
1416504488867335494,127
1416504488887811165,128
1416504488908655221,126
1416504488933207232,128
1416504488953791504,129
1416504488974014000,127
1416504488998356549,128
1416504489018877086,127
1416504489043863071,125
1416504489064495146,131
1416504489084790323,132
1416504489108858519,127
1416504489129829667,128
1416504489152602803,128
1416504489174550031,127
1416504489195556300,130
1416504489219834838,128
1416504489240229036,128
1416504489261450079,126
1416504489285441841,128
1416504489305726224,127
1416504489327120484,128
1416504489351146596,127
1416504489371390131,128
1416504489395995935,151
1416504489416244486,128
1416504489437722423,128
1416504489461976900,127
1416504489481790361,129
1416504489506376204,128
1416504489527118850,128
1416504489551744553,130
1416504489571932888,133
1416504489592709130,125
1416504489617168943,127
1416504489637792849,128
1416504489657911567,127
1416504489682683647,128
1416504489703566069,128
1416504489727898097,129
1416504489748369368,132
1416504489768799401,126
1416504489793148257,127
1416504489814150652,129
1416504489833993843,128
1416504489858928023,129
1416504489879081407,128
1416504489904030073,149
1416504489924550560,126
1416504489945143046,128
1416504489969070242,127
1416504489989985338,127
1416504490010559367,129
1416504490034926740,128
1416504490056574722,128
1416504490080294047,131
1416504490100658972,128
1416504490121156437,129
1416504490145614902,128
1416504490166100090,127
1416504490190636566,127
1416504490211138191,130
1416504490232219584,133
1416504490256538918,128
1416504490276252287,127
1416504490297270342,129
1416504490321684561,127
1416504490342190616,127
1416504490366265983,128
1416504490387279628,128
1416504490408260297,129
1416504490431908040,123
1416504490452797569,128
1416504490473196731,127
1416504490497594604,128
1416504490518300952,128
1416504490542523131,130
1416504490562840820,128
1416504490583601922,130
1416504490608401695,126
1416504490628464641,128
1416504490649613853,128
1416504490673848420,128
1416504490694428688,128
1416504490719227810,128
1416504490739437638,132
1416504490760298056,126
1416504490784037817,129
1416504490805025498,123
1416504490825640680,128
1416504490850111823,129
1416504490870275863,129
1416504490894861160,132
1416504490915240708,131
1416504490935712154,128
1416504490960406534,128
1416504490980880025,123
1416504491005588907,127
1416504491026119367,132
1416504491046871614,130
1416504491071374755,128
1416504491091850196,127
1416504491111984814,129
1416504491136919913,128
1416504491156812524,126
1416504491181398842,126
1416504491202072472,124
1416504491222769815,129
1416504491248174493,131
1416504491267927141,129
1416504491288648839,126
1416504491312900952,127
1416504491333433532,132
1416504491357848172,132
1416504491378080817,128
1416504491398708502,134
1416504491423127452,127
1416504491443524580,127
1416504491468418462,127
1416504491488737392,124
1416504491512992060,129
1416504491534061261,128
1416504491554078543,128
1416504491578737547,131
1416504491599158268,128
1416504491619615082,127
1416504491644655014,129
1416504491664949033,128
1416504491689573609,128
1416504491710046078,130
1416504491730735222,126
1416504491755246948,126
1416504491775816546,127
1416504491796376884,128
1416504491820825662,128
1416504491841255639,128
1416504491865649302,126
1416504491886375666,129
1416504491906578183,130
1416504491931293464,133
1416504491951836979,128
1416504491972459448,129
1416504491996943244,128
1416504492016772861,128
1416504492041725417,128
1416504492062259305,127
1416504492082902110,127
1416504492106879279,126
1416504492127495576,128
1416504492148181328,128
1416504492172419820,129
1416504492193004297,127
1416504492217938916,129
1416504492238533511,132
1416504492259196662,127
1416504492283537770,128
1416504492304313672,128
1416504492328495329,128
1416504492349065304,127
1416504492369294591,128
1416504492393777466,128
1416504492414690929,128
1416504492434895616,128
1416504492459430880,128
1416504492479708797,127
1416504492504712968,129
1416504492525218312,128
1416504492545878701,125
1416504492570183187,136
1416504492590847515,126
1416504492611354532,127
1416504492635432369,128
1416504492656241947,128
1416504492680563762,128
1416504492700937722,128
1416504492721489831,127
1416504492746497746,132
1416504492766847466,127
1416504492787140890,129
1416504492811399500,123
1416504492832190642,128
1416504492856945307,128
1416504492877597248,128
1416504492897918202,128
1416504492922506417,126
1416504492944314893,128
1416504492967321397,128
1416504492987532409,129
1416504493008657782,128
1416504493032966021,129
1416504493053207115,128
1416504493073801741,133
1416504493098067504,127
1416504493118839797,129
1416504493144445816,127
1416504493164087555,129
1416504493185775390,130
1416504493209089888,128
1416504493229740555,127
1416504493251153465,126
1416504493274804866,128
1416504493295698173,128
1416504493320011935,128
1416504493340310980,128
1416504493361717726,129
1416504493385020166,128
1416504493405835827,129
1416504493426293387,127
1416504493450411185,126
1416504493471646101,128
1416504493495369245,128
1416504493516389785,129
1416504493541122972,125
1416504493561307664,128
1416504493581970138,125
1416504493605975942,127
1416504493626903001,127
1416504493651115859,132
1416504493671450264,128
1416504493691807128,128
1416504493716748328,129
1416504493737252372,132
1416504493757774441,129
1416504493782578245,127
1416504493803030526,132
1416504493827530184,127
1416504493847699285,127
1416504493868326504,127
1416504493893060994,129
1416504493913493723,131
1416504493934250631,127
1416504493958617488,128
1416504493979168570,129
1416504494003391696,132
1416504494023809296,128
1416504494044908178,129
1416504494069282397,131
1416504494089393462,130
1416504494110387011,126
1416504494134907637,128
1416504494155282715,129
1416504494179825987,127
1416504494200719775,128
1416504494221006904,127
1416504494245358040,128
1416504494265833295,127
1416504494290349681,130
1416504494311441563,127
1416504494331121441,130
1416504494355499964,128
1416504494376594132,129
1416504494397081955,132
1416504494421240460,127
1416504494441953907,126
1416504494466083258,127
1416504494487146280,128
1416504494507655693,128
1416504494532178809,128
1416504494552234002,128
1416504494572690139,128
1416504494597437192,126
1416504494618054263,128
1416504494642626521,127
1416504494663426020,126
1416504494683336486,130
1416504494708211795,128
1416504494728314070,129
1416504494748960759,126
1416504494773657703,127
1416504494793826218,131
1416504494818288837,128
1416504494839545843,128
1416504494859882614,128
1416504494884399511,128
1416504494904835337,132
1416504494929022191,129
1416504494949402261,129
1416504494970481289,129
1416504494994432387,127
1416504495015581708,129
1416504495035947788,127
1416504495060429215,129
1416504495080980487,122
1416504495105234945,132
1416504495125922887,127
1416504495147053356,128
1416504495170713958,128
1416504495191922849,128
1416504495212485312,128
1416504495236588953,132
1416504495256837555,126
1416504495281548466,126
1416504495301783402,127
1416504495326529794,132
1416504495347040414,128
1416504495368388441,128
1416504495387901686,131
1416504495412653606,126
1416504495432903601,127
1416504495457326124,127
1416504495478161279,128
1416504495502595714,128
1416504495523336641,128
1416504495544255491,127
1416504495568482261,133
1416504495588891421,128
1416504495613158141,131
1416504495633554533,128
1416504495654297509,131
1416504495678829049,127
1416504495699046776,128
1416504495720043773,123
1416504495744329727,127
1416504495765003271,127
1416504495789088390,128
1416504495809885719,127
1416504495830138971,128
1416504495854987009,128
1416504495875190107,130
1416504495896399039,131
1416504495920027062,127
1416504495940718572,126
1416504495965439988,129
1416504495985969942,126
1416504496006746880,127
1416504496031171879,128
1416504496051487918,127
1416504496072549091,124
1416504496096586722,127
1416504496116611155,126
1416504496141760641,127
1416504496161638051,128
1416504496182309245,131
1416504496207154431,131
1416504496227464170,134
1416504496252217914,131
1416504496272412207,127
1416504496293321832,127
1416504496317734192,128
1416504496338273001,129
1416504496358936683,128
1416504496383577195,128
1416504496403329477,128
1416504496428353698,126
1416504496448820218,129
1416504496469441073,127
1416504496493417285,128
1416504496514005341,132
1416504496535014756,128
1416504496559909409,133
1416504496579670987,131
1416504496603959261,128
1416504496624575069,126
1416504496645534827,127
1416504496669591657,129
1416504496690503716,129
1416504496711302163,128
1416504496736651121,129
1416504496756057760,127
1416504496780150420,127
1416504496800642954,127
1416504496821458208,128
1416504496846089842,129
1416504496866638362,128
1416504496890613281,133
1416504496911990590,131
1416504496932395917,128
1416504496956740764,127
1416504496977095290,129
1416504496997838312,127
1416504497022190481,127
1416504497042638820,129
1416504497067212349,128
1416504497087436762,127
1416504497108148042,128
1416504497132760736,127
1416504497153199052,128
1416504497174302721,127
1416504497198300707,128
1416504497218901571,129
1416504497242989617,131
1416504497263971760,130
1416504497285608021,127
1416504497308950758,129
1416504497328992861,128
1416504497353577386,128
1416504497374367069,128
1416504497394989482,128
1416504497419119738,126
1416504497440369142,126
1416504497464393553,132
1416504497484640541,127
1416504497505206246,128
1416504497529463675,128
1416504497550663201,129
1416504497575316286,132
1416504497595516198,127
1416504497616446083,126
1416504497640496147,128
1416504497661204395,128
1416504497681480764,129
1416504497705796560,128
1416504497726386300,126
1416504497751623083,128
1416504497771490626,129
1416504497792763288,128
1416504497816277759,127
1416504497836924081,128
1416504497857859273,128
1416504497881958834,128
1416504497902415979,131
1416504497927520226,127
1416504497947436760,127
1416504497968541296,128
1416504497992660071,127
1416504498013349241,128
1416504498033934029,128
1416504498058540985,136
1416504498079086364,128
1416504498103456027,127
1416504498123621691,127
1416504498148579957,128
1416504498168912975,128
1416504498189458520,128
1416504498210111126,128
1416504498234454049,133
1416504498255575834,127
1416504498279898591,128
1416504498299934391,128
1416504498320674420,128
1416504498345132444,127
1416504498365590099,130
1416504498390125132,136
1416504498410245302,133
1416504498431683705,124
1416504498456444459,129
1416504498476260045,129
1416504498495981962,128
1416504498520587513,128
1416504498541088626,128
1416504498565951941,129
1416504498586596845,127
1416504498608582207,128
1416504498632202036,125
1416504498652380559,128
1416504498672481255,126
1416504498696883222,129
1416504498717873534,128
1416504498742384061,131
1416504498762632758,127
1416504498784202553,127
1416504498807466266,129
1416504498828476733,128
1416504498848823327,129
1416504498873253066,129
1416504498893974178,137
1416504498918486069,128
1416504498939108317,127
1416504498960356724,128
1416504498983658883,127
1416504499004694132,128
1416504499029102198,128
1416504499049641573,127
1416504499070153586,132
1416504499094621567,128
1416504499114939140,127
1416504499135797808,130
1416504499159669684,132
1416504499180402598,128
1416504499205115399,128
1416504499225507410,136
1416504499246421540,126
1416504499270800419,128
1416504499291279743,125
1416504499311589332,128
1416504499336288940,128
1416504499356490844,129
1416504499381383618,128
1416504499401819438,132
1416504499426232254,127
1416504499447409971,127
1416504499467461456,128
1416504499491777397,128
1416504499512341679,127
1416504499532694758,128
1416504499556995409,128
1416504499577991645,128
1416504499602420432,127
1416504499623317929,128
1416504499643492833,128
1416504499668083112,129
1416504499688363981,128
1416504499712859821,128
1416504499733459878,131
1416504499753956742,126
1416504499778583904,127
1416504499799480278,128
1416504499819657312,128
1416504499844202644,128
1416504499864406003,127
1416504499888942933,127
1416504499909620748,128
1416504499929708541,127
1416504499954585621,128
1416504499975713012,127
1416504499995838975,129
1416504500019821121,128
1416504500041248237,128
1416504500064739139,131
1416504500085360696,125
1416504500106044759,128
1416504500130539230,127
1416504500151693574,130
1416504500171843712,127
1416504500196407265,128
1416504500216870217,130
1416504500240868990,132
1416504500262172562,127
1416504500283185530,128
1416504500306403073,128
1416504500327717765,128
1416504500352248929,127
1416504500372517967,128
1416504500393305329,128
1416504500417435009,127
1416504500438138636,133
1416504500458650244,129
1416504500482834231,128
1416504500503114119,129
1416504500528283389,128
1416504500548605321,130
1416504500569009255,133
1416504500593573865,127
1416504500613786810,127
1416504500634394576,127
1416504500658711775,126
1416504500679926942,128
1416504500703809416,128
1416504500724766528,130
1416504500744973931,126
1416504500769535449,129
1416504500790247400,125
1416504500810551237,124
1416504500835306374,127
1416504500856676259,132
1416504500879905210,126
1416504500900777704,133
1416504500921001991,128
1416504500945871993,126
1416504500966359821,128
1416504500991014105,128
1416504501011386306,128
1416504501032559883,129
1416504501056371587,128
1416504501077034406,126
1416504501097472706,127
1416504501121970673,128
1416504501141920603,128
1416504501167140512,127
1416504501187001877,128
1416504501208386457,128
1416504501232161102,132
1416504501253107244,130
1416504501274262124,127
1416504501297611435,130
1416504501319642219,127
1416504501343349658,128
1416504501363677213,129
1416504501388056759,131
1416504501408527990,131
1416504501428821267,128
1416504501453737629,127
1416504501474223443,127
1416504501494751082,128
1416504501519523753,130
1416504501539839748,130
1416504501564309989,131
1416504501584641787,127
1416504501605023201,126
1416504501629265235,128
1416504501649922960,126
1416504501674629731,128
1416504501696592717,128
1416504501715960633,128
1416504501740440230,130
1416504501760449244,127
1416504501781014959,129
1416504501805918372,126
1416504501826460207,129
1416504501850994599,127
1416504501871760578,128
1416504501892042494,132
1416504501916632893,127
1416504501937011329,127
1416504501957285097,131
1416504501981966637,127
1416504502002551290,130
1416504502027088869,129
1416504502047789991,128
1416504502068276531,128
1416504502092275750,129
1416504502113088227,128
1416504502133420248,128
1416504502158093928,129
1416504502178580303,128
1416504502203189634,128
1416504502223390512,132
1416504502244439597,127
1416504502268422033,128
1416504502288869259,130
1416504502313562882,129
1416504502334302225,129
1416504502354597638,128
1416504502379399866,125
1416504502399430589,132
1416504502420515210,127
1416504502445047431,129
1416504502465448162,132
1416504502489557917,128
1416504502510059837,127
1416504502531042021,128
1416504502555086858,128
1416504502576229099,131
1416504502596647325,129
1416504502620663617,127
1416504502640958963,132
1416504502666268113,128
1416504502686006242,128
1416504502707197459,128
1416504502731505207,128
1416504502752670315,127
1416504502772195388,126
1416504502796779347,128
1416504502817615394,133
1416504502841729393,128
1416504502862663828,128
1416504502882868871,130
1416504502907715044,130
1416504502928279992,129
1416504502952539942,128
1416504502973238203,127
1416504502994766994,128
1416504503018220372,129
1416504503038942236,128
1416504503059383068,132
1416504503083449860,129
1416504503104302986,130
1416504503128179051,129
1416504503149403097,127
1416504503170079393,128
1416504503194368990,128
1416504503215145748,128
1416504503235322066,126
1416504503259938819,126
1416504503280400959,127
1416504503304852703,128
1416504503325059585,127
1416504503350062378,128
1416504503370500479,128
1416504503391763574,132
1416504503415608358,128
1416504503436047917,127
1416504503456571888,127
1416504503480943400,127
1416504503501307994,127
1416504503526035504,126
1416504503546062849,127
1416504503567572172,131
1416504503591884360,127
1416504503612181085,128
1416504503636624812,123
1416504503657115351,128
1416504503677416537,130
1416504503701589500,129
1416504503722340915,134
1416504503742861698,127
1416504503768007164,128
1416504503788269096,128
1416504503812785076,130
1416504503833236778,127
1416504503854297299,127
1416504503878096590,127
1416504503898620444,129
1416504503919453295,127
1416504503944185831,128
1416504503964504576,126
1416504503988601040,128
1416504504009237370,127
1416504504030006075,129
1416504504054054891,131
1416504504074964691,126
1416504504095236220,130
1416504504120233359,127
1416504504140449949,124
1416504504164652002,127
1416504504185601802,128
1416504504205648877,132
1416504504230674717,128
1416504504251096952,126
1416504504271911155,127
1416504504296269814,127
1416504504316839362,127
1416504504341095614,128
1416504504361516120,128
1416504504382298280,133
1416504504406735777,127
1416504504427146195,128
1416504504451669612,129
1416504504472263801,130
1416504504492948651,127
1416504504517188921,128
1416504504537663480,128
1416504504558332243,129
1416504504582786428,126
1416504504603319885,126
1416504504627883082,128
1416504504648419881,125
1416504504669179120,129
1416504504693370449,123
1416504504713490825,128
1416504504734521508,127
1416504504759071420,127
1416504504779470207,127
1416504504803919285,128
1416504504824470557,128
1416504504845250297,128
1416504504869105339,128
1416504504889813723,132
1416504504910668603,125
1416504504935397440,127
1416504504956581230,129
1416504504980066295,129
1416504505000575271,129
1416504505021405410,132
1416504505045199108,128
1416504505065845341,131
1416504505090930315,126
1416504505110766717,127
1416504505131816970,128
1416504505155958126,131
1416504505176651124,128
1416504505197396055,128
1416504505221734078,132
1416504505241852956,128
1416504505266797776,128
1416504505286800786,130
1416504505311847002,127
1416504505332390106,128
1416504505352741370,128
1416504505377213826,128
1416504505397914742,129
1416504505418122316,126
1416504505442979584,128
1416504505463382340,127
1416504505487805184,130
1416504505508507257,128
1416504505528990305,128
1416504505553168600,133
1416504505574012109,128
1416504505594528472,126
1416504505618485010,127
1416504505640268018,130
1416504505668091797,128
1416504505683992620,129
1416504505705106274,128
1416504505729534079,129
1416504505750120597,127
1416504505774653099,127
1416504505794622854,127
1416504505815785992,128
1416504505840240392,128
1416504505860783506,129
1416504505880854535,130
1416504505905544063,132
1416504505926206387,123
1416504505950239994,124
1416504505971321222,128
1416504505992206326,128
1416504506016410474,128
1416504506036874263,128
1416504506057227036,131
1416504506081576664,126
1416504506102396254,130
1416504506127099097,127
1416504506147409072,128
1416504506167564292,128
1416504506192370670,128
1416504506212945766,135
1416504506233493901,125
1416504506257483519,127
1416504506278583900,128
1416504506303299653,129
1416504506323506950,126
1416504506344739476,129
1416504506368221799,128
1416504506389074635,132
1416504506413131615,125
1416504506433859016,128
1416504506454968473,128
1416504506479261984,128
1416504506499546496,128
1416504506520341781,128
1416504506544504456,129
1416504506564637987,131
1416504506589795169,129
1416504506609867902,127
1416504506630348134,125
1416504506655842049,128
1416504506675743980,128
1416504506696560283,132
1416504506720754724,132
1416504506741254219,127
1416504506765273479,127
1416504506785781778,127
1416504506807330370,129
1416504506831646528,128
1416504506851561303,130
1416504506872491343,128
1416504506896637946,130
1416504506917415786,128
1416504506941377130,125
1416504506962414073,128
1416504506984316827,128
1416504507007804867,127
1416504507028016265,128
1416504507052174048,131
1416504507072636103,131
1416504507094761181,126
1416504507117983565,129
1416504507138720142,129
1416504507159935249,129
1416504507183955210,126
1416504507204089201,128
1416504507228592352,132
1416504507248965872,127
1416504507273196009,126
1416504507294093721,125
1416504507314421041,128
1416504507339118607,129
1416504507360003586,129
1416504507380308139,132
1416504507404398073,129
1416504507425237659,128
1416504507449754796,127
1416504507470237899,127
1416504507490865424,125
1416504507515011105,125
1416504507536223244,128
1416504507556395047,132
1416504507580524265,127
1416504507601363044,127
1416504507625379863,126
1416504507646359150,130
1416504507666890602,128
1416504507691087093,128
1416504507711405194,128
1416504507736044832,128
1416504507757001693,127
1416504507777604282,128
1416504507801997123,127
1416504507822138687,127
1416504507843074601,127
1416504507867559350,129
1416504507888170874,128
1416504507912413449,127
1416504507932690004,125
1416504507953248953,128
1416504507977750360,130
1416504507998734614,128
1416504508019171752,129
1416504508043656571,127
1416504508064163954,128
1416504508088208691,126
1416504508109109856,127
1416504508129821828,128
1416504508154240858,129
1416504508174615645,128
1416504508195310549,127
1416504508220037889,130
1416504508240032317,126
1416504508264865526,128
1416504508285332156,127
1416504508306082962,127
1416504508329948858,128
1416504508350989180,129
1416504508375408594,126
1416504508395912579,131
1416504508416488677,128
1416504508440497142,130
1416504508461382296,129
1416504508481601005,129
1416504508506364160,128
1416504508527865886,128
1416504508551862263,133
1416504508571965992,129
1416504508592401677,126
1416504508616954991,127
1416504508637491144,124
1416504508657934371,128
1416504508682361766,127
1416504508702664019,128
1416504508727806032,133
1416504508748193899,128
1416504508768556724,128
1416504508792979403,128
1416504508813279240,127
1416504508834318448,127
1416504508858417137,128
1416504508879063591,128
1416504508903663716,127
1416504508924257434,127
1416504508945839592,130
1416504508968839497,128
1416504508989465083,128
1416504509014284650,127
1416504509034588562,128
1416504509056492715,131
1416504509080351360,127
1416504509100723391,128
1416504509121552794,127
1416504509145196838,128
1416504509165482133,127
1416504509190416856,127
1416504509210891831,127
1416504509235002412,129
1416504509256204674,128
1416504509276186621,128
1416504509300970754,127
1416504509321543755,128
1416504509342057342,129
1416504509366582864,129
1416504509387059442,131
1416504509411776663,126
1416504509432207888,128
1416504509452247300,128
1416504509477002191,128
1416504509497529519,124
1416504509518125298,131
1416504509542705012,130
1416504509563125312,128
1416504509587309741,126
1416504509607789020,128
1416504509628955085,128
1416504509653743187,126
1416504509673534297,128
1416504509697771846,127
1416504509718274643,132
1416504509739363358,127
1416504509763817678,128
1416504509784226262,127
1416504509804978600,129
1416504509828883806,128
1416504509849706222,129
1416504509874331460,130
1416504509895080936,129
1416504509915264490,127
1416504509939904015,123
1416504509960364426,128
1416504509980658251,128
1416504510005124894,128
1416504510025977629,128
1416504510050471980,128
1416504510070618480,127
1416504510091601520,128
1416504510116006028,128
1416504510136529632,127
1416504510156730250,127
1416504510181569918,127
1416504510202063369,129
1416504510226665309,132
1416504510247509836,128
1416504510267585608,127
1416504510292074185,128
1416504510312557141,127
1416504510337134650,128
1416504510357812163,125
1416504510378279330,133
1416504510402667130,125
1416504510422967869,127
1416504510443920771,125
1416504510468407104,125
1416504510488700787,128
1416504510512925147,126
1416504510533536229,129
1416504510554543670,131
1416504510578815657,127
1416504510599618820,127
1416504510620066107,129
1416504510644386108,127
1416504510664961830,128
1416504510689408959,128
1416504510709894402,128
1416504510730379930,122
1416504510754985123,126
1416504510775930853,127
1416504510796202622,128
1416504510820695691,126
1416504510840839329,128
1416504510865745348,128
1416504510886011915,133
1416504510907329784,128
1416504510931036054,127
1416504510951772060,127
1416504510972684055,132
1416504510996745921,128
1416504511017610207,130
1416504511041242415,138
1416504511062145575,128
1416504511083210993,127
1416504511106896189,132
1416504511127890685,127
1416504511152259096,128
1416504511172788824,128
1416504511197308918,128
1416504511217303289,131
1416504511238383580,126
1416504511262692796,125
1416504511282931450,127
1416504511304050864,127
1416504511328337124,128
1416504511348608567,127
1416504511373291766,128
1416504511393901962,127
1416504511414536172,126
1416504511439118782,130
1416504511459485937,127
1416504511479573048,127
1416504511504096370,128
1416504511525027748,128
1416504511549345268,131
1416504511569984901,127
1416504511590637127,126
1416504511614701829,128
1416504511635595933,130
1416504511656538798,127
1416504511680259190,127
1416504511701190594,126
1416504511725679106,132
1416504511746128152,121
1416504511766274351,128
1416504511791400624,128
1416504511811697585,127
1416504511835923397,129
1416504511856967316,128
1416504511877352196,129
1416504511901645641,127
1416504511922225664,128
1416504511943153630,127
1416504511967551823,128
1416504511987803125,128
1416504512011895285,124
1416504512032886243,128
1416504512053773742,129
1416504512077727884,127
1416504512098192215,125
1416504512119505593,126
1416504512143603546,127
1416504512164049425,128
1416504512188039060,129
1416504512209031359,128
1416504512229500860,127
1416504512253873330,126
1416504512274537172,128
1416504512295449538,127
1416504512319862058,129
1416504512339991249,128
1416504512364615680,127
1416504512385043382,131
1416504512405703421,126
1416504512429701838,125
1416504512450646471,128
1416504512474982488,128
1416504512496666597,129
1416504512515990734,128
1416504512540705019,131
1416504512560801540,125
1416504512581766460,126
1416504512606214126,125
1416504512626348879,128
1416504512651305707,128
1416504512672215607,127
1416504512692948260,129
1416504512716316394,133
1416504512737158380,129
1416504512758140980,126
1416504512782430752,129
1416504512802553719,128
1416504512827336172,128
1416504512848027963,128
1416504512870193633,129
1416504512892975324,125
1416504512913476858,126
1416504512934013106,129
1416504512958603379,128
1416504512979049569,129
1416504513003476557,128
1416504513024150327,128
1416504513045184809,132
1416504513069024456,126
1416504513089511513,128
1416504513113646552,127
1416504513134486190,128
1416504513155157842,128
1416504513179712949,129
1416504513200044129,128
1416504513224156312,128
1416504513245151811,127
1416504513265631210,130
1416504513290164800,127
1416504513310230813,128
1416504513334849501,127
1416504513355641357,128
1416504513376262338,131
1416504513400326409,127
1416504513421125562,127
1416504513441322152,127
1416504513466290583,128
1416504513486834988,129
1416504513511326134,127
1416504513531417141,129
1416504513551823345,129
1416504513576753142,127
1416504513597353761,127
1416504513617794570,128
1416504513641767818,129
1416504513663459700,127
1416504513687697991,129
1416504513707942939,135
1416504513728499286,127
1416504513752870316,127
1416504513773433969,130
1416504513797474651,128
1416504513818080290,128
1416504513839428264,126
1416504513863451656,128
1416504513883962607,132
1416504513904517287,126
1416504513929092524,127
1416504513949573602,127
1416504513974196481,128
1416504513994633853,129
1416504514015496276,128
1416504514039176099,128
1416504514059726724,126
1416504514080424686,129
1416504514104759190,126
1416504514125244618,128
1416504514149852285,126
1416504514170222052,128
1416504514192157941,128
1416504514216007937,130
1416504514236392536,125
1416504514256960552,127
1416504514281052716,128
1416504514301859232,127
1416504514326398966,129
1416504514346872126,129
1416504514367225184,128
1416504514392465209,123
1416504514412653579,127
1416504514436949626,128
1416504514457249899,128
1416504514478066764,128
1416504514502485874,129
1416504514522628590,128
1416504514544274107,131
1416504514567588499,128
1416504514588606243,127
1416504514612677931,128
1416504514633600711,129
1416504514653813827,128
1416504514678493758,128
1416504514698883524,130
1416504514719295456,126
1416504514744087060,127
1416504514764789039,129
1416504514789176297,126
1416504514809428637,128
1416504514831769694,128
1416504514854371853,132
1416504514874981538,131
1416504514896843099,129
1416504514920257317,127
1416504514940788243,128
1416504514965323697,127
1416504514985294951,128
1416504515006044497,128
1416504515030966261,128
1416504515051368571,131
1416504515075816587,126
1416504515096258110,128
1416504515120894593,128
1416504515141357475,129
1416504515162089823,128
1416504515186286855,130
1416504515207725593,131
1416504515227483748,132
1416504515251968637,127
1416504515272359356,125
1416504515296973213,128
1416504515317502951,128
1416504515338072961,128
1416504515362485075,128
1416504515382807888,128
1416504515403692067,127
1416504515428167775,129
1416504515448554850,130
1416504515472966098,128
1416504515493624317,128
1416504515514264812,127
1416504515538640509,133
1416504515559342017,132
1416504515579749728,128
1416504515604263223,127
1416504515624658341,127
1416504515648962486,129
1416504515669259698,124
1416504515690356040,128
1416504515714828160,129
1416504515735625069,127
1416504515760078921,128
1416504515780403993,128
1416504515800830603,128
1416504515824874583,128
1416504515845890568,128
1416504515866490255,129
1416504515890507580,132
1416504515911815322,128
1416504515935917047,128
1416504515956008764,129
1416504515977020619,128
1416504516001453085,130
1416504516022007359,128
1416504516042216471,132
1416504516066676515,126
1416504516087721044,127
1416504516112417739,129
1416504516132641303,127
1416504516153019600,130
1416504516177581087,128
1416504516198128606,128
1416504516218701567,131
1416504516242851979,129
1416504516264168038,127
1416504516288324123,127
1416504516308714746,127
1416504516329415816,128
1416504516353694110,131
1416504516374189685,131
1416504516400601796,127
1416504516418752193,127
1416504516439424154,132
1416504516463849228,128
1416504516484845619,128
1416504516505263038,126
1416504516529403913,128
1416504516549889531,132
1416504516575004453,123
1416504516595408181,128
1416504516616233825,126
1416504516640392029,128
1416504516661126497,128
1416504516681563520,128
1416504516705955223,131
1416504516726597883,129
1416504516751287556,128
1416504516771024533,128
1416504516792347303,128
1416504516816382709,127
1416504516837125240,128
1416504516858264229,128
1416504516882071979,131
1416504516902529611,127
1416504516927223808,127
1416504516947599578,127
1416504516968542672,127
1416504516992268838,128
1416504517013186891,129
1416504517034846494,127
1416504517058161924,129
1416504517079953346,127
1416504517103497069,127
1416504517123694644,128
1416504517145534932,128
1416504517168625923,127
1416504517189287059,128
1416504517213422016,131
1416504517234110018,127
1416504517258791638,129
1416504517279590777,127
1416504517299946717,127
1416504517324280584,128
1416504517344724728,129
1416504517365122718,128
1416504517389865713,132
1416504517410136920,127
1416504517434875870,127
1416504517456069458,127
1416504517476277998,128
1416504517500552987,128
1416504517520772403,128
1416504517541086728,129
1416504517565723742,127
1416504517586576102,128
1416504517611074727,126
1416504517631889246,128
1416504517652080778,129
1416504517676457113,128
1416504517696877679,132
1416504517717686969,132
1416504517742134905,127
1416504517762471040,129
1416504517787172926,128
1416504517807832373,130
1416504517827819999,129
1416504517852760570,129
1416504517873240296,131
1416504517897802600,127
1416504517918393051,127
1416504517938555873,124
1416504517963400257,127
1416504517984040792,128
1416504518004044032,130
1416504518028792043,130
1416504518049333017,126
1416504518073888200,130
1416504518094438871,128
1416504518115038178,129
1416504518139429680,128
1416504518159960346,128
1416504518180245595,128
1416504518205029506,132
1416504518225110519,126
1416504518249667511,129
1416504518269922257,127
1416504518291166835,128
1416504518315503083,129
1416504518336416281,129
1416504518356240986,130
1416504518381228755,132
1416504518401828612,126
1416504518426134591,128
1416504518447553469,127
1416504518467383157,128
1416504518491621668,127
1416504518512211458,128
1416504518536559682,133
1416504518557281561,124
1416504518577988100,126
1416504518602230194,129
1416504518623504770,127
1416504518643033526,129
1416504518667497478,127
1416504518688295374,128
1416504518712721540,132
1416504518733594020,127
1416504518753952791,126
1416504518778264664,128
1416504518799403808,128
1416504518819695753,129
1416504518843548134,128
1416504518864517619,132
1416504518888791458,129
1416504518909379310,127
1416504518930479957,127
1416504518954394575,129
1416504518975474139,133
1416504518995790023,128
1416504519019589675,129
1416504519040193827,129
1416504519064890405,132
1416504519085595226,126
1416504519106687028,127
1416504519130576799,128
1416504519151464864,128
1416504519175735513,124
1416504519196192086,133
1416504519220057205,131
1416504519240943447,128
1416504519261733300,127
1416504519285745513,128
1416504519306683056,128
1416504519327825106,126
1416504519351803939,127
1416504519372307874,127
1416504519396784555,127
1416504519416881623,130
1416504519437900079,126
1416504519461725489,126
1416504519482337289,128
1416504519503137304,128
1416504519527843069,127
1416504519548461814,132
1416504519572840518,127
1416504519593385030,127
1416504519613937129,132
1416504519638501780,127
1416504519658629853,130
1416504519679600470,126
1416504519704016514,128
1416504519724402336,128
1416504519748682005,128
1416504519769596791,128
1416504519790138873,130
1416504519814589545,127
1416504519834652972,130
1416504519859098983,127
1416504519879699211,133
1416504519900914137,128
1416504519924678995,127
1416504519945177683,128
1416504519966251564,129
1416504519990823757,128
1416504520011162126,124
1416504520035712990,131
1416504520055774974,124
1416504520076852188,127
1416504520101231994,128
1416504520121504049,129
1416504520142424603,130
1416504520167427446,128
1416504520187306615,129
1416504520211780143,131
1416504520232287096,127
1416504520253138282,122
1416504520277031832,128
1416504520297907745,127
1416504520318465852,129
1416504520343053239,127
1416504520363454311,123
1416504520387666978,127
1416504520408473384,126
1416504520429204238,127
1416504520453456932,127
1416504520474019820,129
1416504520498100103,128
1416504520518464348,128
1416504520539134358,134
1416504520563574686,126
1416504520584536854,128
1416504520604693888,128
1416504520629687581,126
1416504520650130282,127
1416504520674567037,128
1416504520695416976,128
1416504520715792269,129
1416504520740187105,127
1416504520760641317,129
1416504520781741132,129
1416504520805264694,128
1416504520826269889,129
1416504520850740251,128
1416504520871601495,133
1416504520892966862,126
1416504520915918688,126
1416504520936639530,126
1416504520957657915,127
1416504520981817959,127
1416504521002146917,128
1416504521026901593,128
1416504521046902994,129
1416504521069209343,127
1416504521092400414,127
1416504521112814790,128
1416504521137450148,127
1416504521157963109,127
1416504521182091330,128
1416504521202701691,131
1416504521223747243,126
1416504521247975526,129
1416504521268525783,130
1416504521288937933,128
1416504521313271970,128
1416504521333950556,128
1416504521358377073,128
1416504521378952630,132
1416504521400269362,127
1416504521423706032,130
1416504521444799829,127
1416504521465202905,128
1416504521489733458,128
1416504521510152119,128
1416504521534711793,129
1416504521555325462,127
1416504521576308232,128
1416504521600179927,129
1416504521620878909,128
1416504521641350165,127
1416504521665746649,128
1416504521686269011,128
1416504521710913978,132
1416504521731333461,126
1416504521752255965,128
1416504521776384778,129
1416504521796526562,128
1416504521821082222,128
1416504521841424701,129
1416504521862544647,129
1416504521887910958,126
1416504521907096306,128
1416504521927755597,127
1416504521952385671,128
1416504521973132356,128
1416504521997593937,123
1416504522017983734,125
1416504522038188541,134
1416504522062520419,129
1416504522083664429,127
1416504522104332286,128
1416504522128384675,128
1416504522149176963,128
1416504522173722375,129
1416504522194055362,126
1416504522214413367,131
1416504522238853770,128
1416504522259748275,127
1416504522280594446,131
1416504522304817300,128
1416504522324669321,127
1416504522349339813,130
1416504522370237386,132
1416504522391280894,129
1416504522415003767,130
1416504522435472933,127
1416504522460384213,128
1416504522480657405,129
1416504522501475612,125
1416504522525843968,128
1416504522545964028,131
1416504522567345436,127
1416504522591094388,128
1416504522611979958,128
1416504522636418968,132
1416504522656695418,128
1416504522677347839,129
1416504522701927549,134
1416504522722602707,125
1416504522742871183,127
1416504522767953721,128
1416504522787782041,127
1416504522812708156,125
1416504522832567053,124
1416504522853974501,129
1416504522878364395,129
1416504522898449155,125
1416504522920013698,127
1416504522943791921,127
1416504522964284460,129
1416504522988664778,127
1416504523008759842,128
1416504523029733982,132
1416504523053900640,125
1416504523074863159,128
1416504523099176104,127
1416504523119769612,128
1416504523143843656,130
1416504523164460817,128
1416504523184917861,129
1416504523209753235,128
1416504523230415939,127
1416504523250832180,127
1416504523275468297,123
1416504523296088471,128
1416504523320267723,127
1416504523340947546,128
1416504523361521755,132
1416504523385922394,122
1416504523406497210,127
1416504523427068768,128
1416504523451479569,128
1416504523472040068,128
1416504523496155264,129
1416504523516544049,128
1416504523537595865,133
1416504523561709588,127
1416504523582724401,127
1416504523602840527,127
1416504523627680215,128
1416504523648038535,128
1416504523672484231,128
1416504523693149527,129
1416504523713776631,127
1416504523737742058,129
1416504523758798991,128
1416504523783342624,125
1416504523803753829,127
1416504523824163931,127
1416504523848565266,128
1416504523868839841,131
1416504523889926847,127
1416504523914337599,128
1416504523934391384,130
1416504523959826476,128
1416504523979868475,130
1416504524000337916,129
1416504524024683776,128
1416504524045383304,131
1416504524065624002,127
1416504524090058302,126
1416504524111269630,127
1416504524135366134,129
1416504524155937221,128
1416504524176285214,128
1416504524200964614,134
1416504524221530609,129
1416504524242056764,127
1416504524266639691,125
1416504524288002406,127
1416504524311145781,129
1416504524332529114,128
1416504524352076133,128
1416504524377042732,132
1416504524397170740,127
1416504524417890725,127
1416504524442711224,128
1416504524463813515,128
1416504524487390733,128
1416504524508314198,128
1416504524528875303,129
1416504524552942150,125
1416504524573378983,127
1416504524597865800,128
1416504524618123142,127
1416504524639270573,126
1416504524663722204,127
1416504524683945549,128
1416504524705633286,131
1416504524729369430,127
1416504524749416434,128
1416504524774627845,131
1416504524794922155,129
1416504524815572978,125
1416504524839520660,130
1416504524860558996,132
1416504524881784846,131
1416504524905411115,127
1416504524926062053,128
1416504524950045497,130
1416504524970763898,128
1416504524992320027,128
1416504525016237029,129
1416504525036217523,129
1416504525058135021,123
1416504525081667502,129
1416504525102152976,128
1416504525126695360,127
1416504525146954025,127
1416504525171609962,128
1416504525192438638,131
1416504525212778641,127
1416504525237158177,125
1416504525257674821,127
1416504525282053018,129
1416504525302936538,129
1416504525323494400,128
1416504525347477979,128
1416504525368145931,132
1416504525388531693,127
1416504525413302024,129
1416504525433403597,127
1416504525457967656,127
1416504525479099066,128
1416504525499505732,128
1416504525523853255,128
1416504525544348025,132
1416504525565121124,128
1416504525589419296,127
1416504525609953926,129
1416504525634464047,128
1416504525655371732,129
1416504525675583364,128
1416504525699913544,132
1416504525720177816,127
1416504525741212643,127
1416504525765109095,127
1416504525785636377,128
1416504525810083687,132
1416504525831465085,127
1416504525851718808,129
1416504525875754911,130
1416504525896496118,125
1416504525920701133,127
1416504525941803699,128
1416504525962323716,128
1416504525986700099,128
1416504526007373002,129
1416504526027887216,132
1416504526051982918,129
1416504526072768236,127
1416504526097257024,130
1416504526117330529,127
1416504526138408895,129
1416504526162803525,128
1416504526183364339,128
1416504526203546746,131
1416504526228352742,127
1416504526248667669,128
1416504526273401628,128
1416504526293466348,128
1416504526314581067,130
1416504526338515168,127
1416504526359818038,128
1416504526379534559,128
1416504526404195623,123
1416504526424994205,125
1416504526449480969,123
1416504526470106379,131
1416504526490680974,128
1416504526515098832,127
1416504526536475835,133
1416504526560320574,127
1416504526580729193,128
1416504526601213123,129
1416504526625534046,127
1416504526645795466,128
1416504526666835666,129
1416504526691170506,136
1416504526711855456,126
1416504526735814559,127
1416504526756748453,127
1416504526777694670,127
1416504526801349729,127
1416504526821831394,128
1416504526844072625,128
1416504526867294483,128
1416504526887997589,127
1416504526912350860,129
1416504526932956010,127
1416504526953578844,129
1416504526977679643,128
1416504526998442304,128
1416504527022988954,130
1416504527043137514,129
1416504527063576291,126
1416504527088363440,126
1416504527108498490,129
1416504527133465406,128
1416504527153974588,130
1416504527174129702,132
1416504527199443024,128
1416504527219565474,127
1416504527243501786,128
1416504527264229203,127
1416504527284737788,128
1416504527309534514,130
1416504527329832332,129
1416504527351027328,132
1416504527375489145,132
1416504527395511448,129
1416504527420052768,127
1416504527440667692,128
1416504527461224718,127
1416504527485612487,128
1416504527505799283,127
1416504527527009904,132
1416504527552033785,126
1416504527571722964,127
1416504527596527583,127
1416504527616621684,123
1416504527636875603,124
1416504527661262520,128
1416504527681934401,130
1416504527702456728,131
1416504527727943346,128
1416504527747888575,128
1416504527771920033,128
1416504527792976830,128
1416504527813590970,128
1416504527837881469,127
1416504527858522194,135
1416504527882481307,126
1416504527904438394,128
1416504527923609058,128
1416504527948614708,127
1416504527968542222,128
1416504527989603946,132
1416504528014069892,128
1416504528034152167,132
1416504528059113631,128
1416504528079734205,129
1416504528100702147,132
1416504528124658764,129
1416504528144754409,128
1416504528165437044,128
1416504528190200150,135
1416504528210270191,128
1416504528235198921,125
1416504528255652566,131
1416504528276522511,128
1416504528300733715,128
1416504528321273982,128
1416504528341648845,127
1416504528366259077,132
1416504528386862188,126
1416504528411353277,127
1416504528432245032,127
1416504528452026095,128
1416504528476913474,129
1416504528497387742,128
1416504528521887971,128
1416504528542469211,129
1416504528562644496,127
1416504528586895275,127
1416504528608597871,127
1416504528629288549,128
1416504528653052440,128
1416504528673543165,128
1416504528698031583,132
1416504528718232526,126
1416504528740242558,128
1416504528763605561,127
1416504528783674340,128
1416504528804493609,128
1416504528829136026,129
1416504528849511655,128
1416504528874109809,131
1416504528894604746,127
1416504528915304750,127
1416504528939628123,126
1416504528959709710,124
1416504528980889305,132
1416504529005150808,129
1416504529025389594,129
1416504529049802581,127
1416504529070371418,130
1416504529095896339,127
1416504529115764172,128
1416504529135932227,128
1416504529160309309,128
1416504529181145359,132
1416504529205464599,132
1416504529226378818,127
1416504529247939292,127
1416504529272403655,129
1416504529291975428,128
1416504529312437097,127
1416504529336958820,128
1416504529357445045,128
1416504529381528630,126
1416504529402318894,127
