%time,field
1416503922179641063,369
1416503922200389633,363
1416503922221707527,368
1416503922245053375,368
1416503922265944744,368
1416503922286096711,368
1416503922311004923,369
1416503922331830278,368
1416503922356405748,370
1416503922376678755,366
1416503922396711773,366
1416503922421295796,366
1416503922442006841,367
1416503922462242097,368
1416503922487124542,369
1416503922507872536,368
1416503922532439540,370
1416503922552628567,368
1416503922572969884,365
1416503922597704253,366
1416503922618282181,367
1416503922638295391,368
1416503922663217825,368
1416503922684050425,368
1416503922708540866,366
1416503922728832861,364
1416503922749229498,366
1416503922773890627,367
1416503922794366508,368
1416503922818885069,369
1416503922839376701,369
1416503922860339335,370
1416503922884165591,365
1416503922904614746,366
1416503922925626910,367
1416503922949976899,368
1416503922970047327,368
1416503922995083861,367
1416503923014912515,365
1416503923036173336,366
1416503923060802888,367
1416503923080664863,368
1416503923101447249,367
1416503923125773439,368
1416503923146610218,367
1416503923170569208,368
1416503923191303547,370
1416503923213290949,365
1416503923236280090,366
1416503923257175291,366
1416503923277849777,366
1416503923301754187,363
1416503923322756521,369
1416503923347240538,367
1416503923367632590,373
1416503923389368280,363
1416503923412311791,366
1416503923433316117,366
1416503923457786789,366
1416503923478294156,367
1416503923502684652,367
1416503923523363091,370
1416503923543593703,370
1416503923567881140,368
1416503923588795731,364
1416503923609415213,368
1416503923633831174,365
1416503923654375292,363
1416503923678867563,367
1416503923699039656,370
1416503923719495266,365
1416503923744449249,364
1416503923764687733,367
1416503923785594685,365
1416503923809587545,367
1416503923830498477,368
1416503923854716186,368
1416503923875875957,368
1416503923896199959,368
1416503923920057327,365
1416503923940816981,363
1416503923961658125,367
1416503923985641383,368
1416503924007984711,369
1416503924031106662,373
1416503924052167699,364
1416503924072011905,366
1416503924096300927,368
1416503924116764038,368
1416503924141669595,363
1416503924162232529,367
1416503924182682186,368
1416503924207238156,370
1416503924228017751,363
1416503924248483765,366
1416503924272901542,367
1416503924296816215,367
1416503924317642099,367
1416503924338376952,367
1416503924358746052,366
1416503924382908426,366
1416503924403514141,366
1416503924424580826,367
1416503924448631201,367
1416503924469427454,367
1416503924493957741,368
1416503924514452129,368
1416503924535147072,371
1416503924559473171,361
1416503924580289720,364
1416503924600787451,366
1416503924625094172,366
1416503924645070000,367
1416503924670006388,368
1416503924690807164,368
1416503924711222816,368
1416503924735644706,364
1416503924755943392,364
1416503924780888920,367
1416503924801190376,367
1416503924821796252,367
1416503924846191117,367
1416503924866692592,374
1416503924886879784,368
1416503924911290425,368
1416503924932179081,366
1416503924956504687,366
1416503924976609304,367
1416503924997822121,365
1416503925021929967,367
1416503925042850962,372
1416503925063503473,367
1416503925087521726,365
1416503925107875631,366
1416503925132997453,365
1416503925153398911,367
1416503925174308165,367
1416503925198057863,367
1416503925218571209,369
1416503925239554094,368
1416503925263647788,367
1416503925284985857,366
1416503925309163485,366
1416503925329088288,365
1416503925351192810,368
1416503925374519385,366
1416503925395199409,364
1416503925419814471,366
1416503925439662597,368
1416503925464150439,366
1416503925485135263,368
1416503925505714082,367
1416503925530076680,368
1416503925550724416,372
1416503925571382806,362
1416503925596941959,364
1416503925616217135,368
1416503925640366038,366
1416503925661294936,369
1416503925681837694,367
1416503925705838907,367
1416503925726786397,367
1416503925747446942,365
1416503925771480274,369
1416503925791858348,366
1416503925816737266,367
1416503925837211543,365
1416503925857515134,369
1416503925881939918,367
1416503925902610475,371
1416503925924373673,365
1416503925947695728,366
1416503925968576843,367
1416503925992961700,367
1416503926013129907,367
1416503926033889778,368
1416503926058456785,368
1416503926079019042,363
1416503926100361763,366
1416503926124446741,366
1416503926144780871,367
1416503926169102401,367
1416503926189409981,367
1416503926210216301,367
1416503926234614469,368
1416503926255200359,368
1416503926279646942,366
1416503926300400984,367
1416503926320837872,367
1416503926345193734,367
1416503926365723212,369
1416503926386280237,370
1416503926410370291,364
1416503926431241279,364
1416503926455410954,367
1416503926476468017,367
1416503926497066226,369
1416503926521357902,367
1416503926541860098,368
1416503926562644363,370
1416503926586846462,366
1416503926607457941,365
1416503926631897067,367
1416503926652663516,368
1416503926672712360,368
1416503926697474365,365
1416503926717467266,371
1416503926738468321,369
1416503926762768118,367
1416503926783683558,367
1416503926807524579,366
1416503926828918570,369
1416503926849223800,368
1416503926873548842,368
1416503926894055980,371
1416503926918543385,364
1416503926939206835,366
1416503926959770082,366
1416503926983833690,367
1416503927004314874,367
1416503927025116263,368
1416503927049183110,368
1416503927070069461,366
1416503927094725544,363
1416503927115302930,368
1416503927136659377,367
1416503927159850320,367
1416503927180346769,365
1416503927201347859,364
1416503927225812172,374
1416503927246145305,369
1416503927270363199,364
1416503927291506809,367
1416503927311842703,370
1416503927336392835,366
1416503927356944092,367
1416503927378493641,367
1416503927401906031,368
1416503927422367700,363
1416503927446947504,369
1416503927467246615,367
1416503927492159424,367
1416503927512049959,366
1416503927533003197,368
1416503927557302902,368
1416503927577958782,374
1416503927602466097,368
1416503927622971289,366
1416503927643283706,367
1416503927668452500,369
1416503927688175305,367
1416503927709164514,369
1416503927733160622,368
1416503927754241473,368
1416503927778619330,364
1416503927798773934,369
1416503927819571008,367
1416503927844500550,368
1416503927864784055,367
1416503927885153656,368
1416503927909837601,370
1416503927930151476,368
1416503927954754137,366
1416503927975427070,367
1416503927995641013,364
1416503928020831065,368
1416503928040524629,366
1416503928061394764,366
1416503928085429879,370
1416503928106067517,364
1416503928130883757,366
1416503928151465408,367
1416503928172669128,368
1416503928196877717,367
1416503928216655005,368
1416503928241482732,373
1416503928261672440,363
1416503928282264915,364
1416503928306569722,365
1416503928327544078,367
1416503928347814438,371
1416503928372249931,368
1416503928392652636,368
1416503928417623412,368
1416503928438186336,365
1416503928458384890,370
1416503928482662894,367
1416503928503626038,368
1416503928524566373,366
1416503928548335536,368
1416503928569224233,368
1416503928593745595,371
1416503928614144622,367
1416503928634450053,367
1416503928658823219,365
1416503928679831416,367
1416503928700727044,368
1416503928724878758,368
1416503928745315065,363
1416503928769914905,359
1416503928790039601,367
1416503928810758322,365
1416503928834942599,366
1416503928855552791,362
1416503928880386632,369
1416503928900869358,367
1416503928921598343,370
1416503928946350217,368
1416503928966217656,367
1416503928986769088,368
1416503929011863047,365
1416503929032021384,366
1416503929056164635,366
1416503929076659193,367
1416503929097602750,369
1416503929121600811,364
1416503929142431341,365
1416503929163758000,366
1416503929188639603,368
1416503929208291573,370
1416503929232190254,369
1416503929253139563,368
1416503929274070566,364
1416503929298181142,366
1416503929318780724,373
1416503929339413225,367
1416503929364277158,367
1416503929384354402,370
1416503929408423108,368
1416503929429058556,369
1416503929453748931,365
1416503929474320629,368
1416503929494619756,367
1416503929519390553,368
1416503929539859834,365
1416503929564058731,368
1416503929584880030,366
1416503929605214070,369
1416503929629406080,365
1416503929650424661,366
1416503929670733785,366
1416503929695509759,366
1416503929716467608,367
1416503929740687907,365
1416503929760991348,368
1416503929781385314,365
1416503929805706863,368
1416503929826170901,366
1416503929847105118,367
1416503929871327147,367
1416503929892580399,367
1416503929916893284,367
1416503929937072293,369
1416503929957440626,366
1416503929982237542,364
1416503930002670787,367
1416503930023244445,368
1416503930047706197,368
1416503930067797407,367
1416503930092949392,367
1416503930113159562,364
1416503930133864963,364
1416503930158279056,367
1416503930178787007,367
1416503930202937203,368
1416503930223796934,368
1416503930244916443,369
1416503930268532003,371
1416503930288983409,368
1416503930310001689,366
1416503930334078788,371
1416503930354245606,367
1416503930379438123,365
1416503930399899839,367
1416503930420232084,368
1416503930445265667,363
