%time,field
1416503986297156907,293
1416503986321986697,294
1416503986342318767,296
1416503986363513968,296
1416503986388832697,296
1416503986408193593,296
1416503986432155728,296
1416503986452614145,299
1416503986474598339,294
1416503986498088058,299
1416503986518755188,295
1416503986543375279,296
1416503986564079126,295
1416503986584322421,297
1416503986608333351,298
1416503986629207480,292
1416503986653570744,295
1416503986673857337,296
1416503986694905470,297
1416503986719335024,296
1416503986740190891,296
1416503986764389968,296
1416503986785008964,297
1416503986805243403,295
1416503986829858417,295
1416503986850425495,296
1416503986870859898,297
1416503986895077031,296
1416503986916016497,295
1416503986940426537,302
1416503986960550361,297
1416503986981397794,296
1416503987005946263,295
1416503987026571497,293
1416503987047129831,296
1416503987071680504,296
1416503987092207842,296
1416503987116322768,301
1416503987137158876,293
1416503987157295048,298
1416503987182074730,295
1416503987202796463,297
1416503987223008853,295
1416503987247720696,297
1416503987268226285,297
1416503987292637954,304
1416503987312898217,299
1416503987333682958,293
1416503987358249998,296
1416503987378405148,295
1416503987404175450,297
1416503987423382286,296
1416503987444137716,298
1416503987468499025,294
1416503987489345997,295
1416503987509858216,296
1416503987534067426,293
1416503987555214829,297
1416503987579731180,296
1416503987599921314,296
1416503987620319835,301
1416503987644966210,295
1416503987664978726,295
1416503987686070108,295
1416503987709997170,295
1416503987731133318,296
1416503987755736648,296
1416503987775957848,297
1416503987796928356,296
1416503987821028920,294
1416503987841581449,297
1416503987862272818,296
1416503987886207511,297
1416503987907344215,296
1416503987931232883,296
1416503987951801551,298
1416503987972766730,292
1416503987996849288,296
1416503988017458802,296
1416503988042278821,297
1416503988062756797,294
1416503988083891686,297
1416503988107318433,295
1416503988128301651,299
1416503988149797622,294
1416503988173379721,295
1416503988193557658,295
1416503988218342827,296
1416503988238848231,296
1416503988259468309,296
1416503988283581691,303
1416503988304469428,298
1416503988325066302,296
1416503988349467516,296
1416503988369463921,297
1416503988394417678,296
1416503988414744803,297
1416503988436000636,296
1416503988459607982,298
1416503988480537722,295
1416503988504996833,293
1416503988525424239,295
1416503988546412357,295
1416503988570600980,296
1416503988590919219,296
1416503988615338936,296
1416503988636404979,299
1416503988656718538,297
1416503988680713508,296
1416503988701553028,296
1416503988726134256,296
1416503988746792961,296
1416503988767236284,297
1416503988791748801,299
1416503988812471672,294
1416503988832852533,295
1416503988857200023,298
1416503988877794744,293
1416503988901917037,296
1416503988922416930,296
1416503988943350070,295
1416503988967755364,300
1416503988988466306,292
1416503989009015313,296
1416503989033390759,295
1416503989053570936,297
1416503989077987521,296
1416503989099747577,297
1416503989119147054,300
1416503989143436816,297
1416503989164416820,298
1416503989185104521,296
1416503989209563643,298
1416503989229714327,295
1416503989254481215,295
1416503989274679107,295
1416503989295284156,299
1416503989320091932,294
1416503989340495891,296
1416503989364825205,293
1416503989385589062,296
1416503989405998818,297
1416503989430513066,297
1416503989451132616,295
1416503989471169797,295
1416503989495976883,295
1416503989516608517,297
1416503989541018682,297
1416503989561814323,296
1416503989582338504,295
1416503989606704508,296
1416503989627076144,295
1416503989647523221,293
1416503989671932298,297
1416503989692939162,296
1416503989717005965,296
1416503989737879773,296
1416503989758506912,297
1416503989782853283,295
1416503989803688513,299
1416503989824179128,292
1416503989848547393,295
1416503989868646816,295
1416503989893702078,296
1416503989913656583,296
1416503989934611159,296
1416503989958990585,297
1416503989979887215,292
1416503990003680492,295
1416503990024510220,295
1416503990044534242,296
1416503990069638475,296
1416503990090126625,296
1416503990111573441,296
1416503990134889300,298
1416503990155964002,295
1416503990180252830,296
1416503990200779607,297
1416503990221440136,297
1416503990245699776,297
1416503990266251028,297
1416503990287905961,295
1416503990311059970,298
1416503990332072943,295
1416503990356366399,295
1416503990376764213,296
1416503990397700202,297
1416503990421508308,296
1416503990442454726,297
1416503990466896282,298
1416503990487409769,297
1416503990508014958,295
1416503990532403514,296
1416503990552616831,296
1416503990577331977,296
1416503990597555615,296
1416503990618557262,296
1416503990643459154,290
1416503990663165712,295
1416503990687860714,295
1416503990708273383,292
1416503990729137953,297
1416503990753437522,296
1416503990774077866,297
1416503990794317718,301
1416503990819368419,295
1416503990839169236,294
1416503990864080767,293
1416503990884377403,295
1416503990905275465,295
1416503990929695059,297
1416503990950214376,296
1416503990970831308,296
1416503990995375733,294
1416503991015713085,296
1416503991040301765,296
1416503991060815035,297
1416503991081371720,296
1416503991105646959,296
1416503991126309774,294
1416503991146701951,293
1416503991172265019,300
1416503991191887902,295
1416503991216051519,296
1416503991236714574,294
1416503991257451512,296
1416503991281853659,296
1416503991302258550,299
1416503991327518981,294
1416503991348659453,296
1416503991368185082,296
1416503991392696842,296
1416503991413079688,296
1416503991433537864,297
1416503991458015131,297
1416503991478393366,300
1416503991502627137,297
1416503991523252597,295
1416503991543707326,295
1416503991568299558,295
1416503991588680820,300
1416503991609865427,297
1416503991634104214,298
1416503991654989789,289
1416503991679193637,294
1416503991699446112,295
1416503991720001221,295
1416503991744751348,296
1416503991765339476,297
1416503991785781841,296
1416503991809776515,301
1416503991830519435,297
1416503991855260144,294
1416503991876202382,302
1416503991896502770,296
1416503991920271028,296
1416503991941267562,296
1416503991961939815,295
1416503991986282178,294
1416503992006975783,293
1416503992031006024,296
1416503992051541616,296
1416503992073552270,295
1416503992096986942,296
1416503992117509196,298
1416503992141575107,297
1416503992162531236,295
1416503992184051057,295
1416503992207491004,295
1416503992228988345,296
1416503992248386760,301
1416503992273091147,296
1416503992293630462,296
1416503992317608688,297
1416503992338171908,296
1416503992359494687,295
1416503992383095825,297
1416503992403885802,296
1416503992424717982,296
1416503992449290039,296
1416503992469278672,298
1416503992494207930,295
1416503992514254221,295
1416503992539502590,295
1416503992559600210,295
1416503992580321392,296
1416503992604573374,297
1416503992625331710,296
1416503992645654800,297
1416503992670341196,292
1416503992691202255,294
1416503992715484471,297
1416503992735621935,297
1416503992756362566,296
1416503992780824995,292
1416503992801084922,299
1416503992825998829,296
1416503992846481906,296
1416503992867198363,295
1416503992891796940,297
1416503992911993042,296
1416503992932267908,296
1416503992956927393,295
1416503992977495248,299
1416503993002025295,294
1416503993022558661,296
1416503993042690539,294
1416503993068010309,297
1416503993088259001,298
1416503993108651990,295
1416503993132694136,298
1416503993153651729,299
1416503993178161299,298
1416503993198369720,296
1416503993219737597,296
1416503993243750392,296
1416503993264296507,296
1416503993284764697,296
1416503993308930132,298
1416503993329740501,294
1416503993354231412,295
1416503993374785284,297
1416503993399350862,296
1416503993419457639,296
1416503993440184248,296
1416503993464869132,293
1416503993485295634,297
1416503993505564245,296
1416503993530245919,295
1416503993550556307,295
1416503993572095986,293
1416503993596149383,295
1416503993616521204,296
1416503993640654457,302
1416503993661478091,297
1416503993682153124,295
1416503993706688824,297
1416503993727064598,297
1416503993748327713,297
1416503993772252278,296
1416503993792180719,296
1416503993816582635,298
1416503993837369366,295
1416503993858286322,295
1416503993882679008,299
1416503993903192890,297
1416503993923397823,296
1416503993948310361,298
1416503993968744431,296
1416503993993163448,295
1416503994013774300,294
1416503994034556535,295
1416503994058765821,293
1416503994079318326,296
1416503994103955515,295
1416503994123953434,297
1416503994144628035,300
1416503994169364259,294
1416503994189397643,296
1416503994210607337,295
1416503994235121342,296
1416503994255490587,298
1416503994279514923,297
1416503994299959674,296
1416503994321945587,298
1416503994345550317,292
1416503994366022605,295
1416503994386684999,296
1416503994411951911,295
1416503994431062208,296
1416503994455971524,296
1416503994476470994,300
1416503994500735073,292
