%time,field
1416504479124086175,59
1416504479144263189,62
1416504479164721556,61
1416504479189691795,63
1416504479210240737,65
1416504479234699683,62
1416504479254738218,63
1416504479277076419,63
1416504479300316187,59
1416504479320757625,62
1416504479342385407,62
1416504479365860539,59
1416504479386349334,65
1416504479411067121,60
1416504479431174167,63
1416504479452749018,61
1416504479476439994,64
1416504479496903467,59
1416504479521265999,62
1416504479541923142,59
1416504479566364016,59
1416504479586666570,61
1416504479607941527,62
1416504479632059099,64
1416504479652652462,62
1416504479673039502,62
1416504479697331163,59
1416504479717949383,65
1416504479742497851,61
1416504479763063135,63
1416504479784197408,62
1416504479808632865,62
1416504479828729898,62
1416504479848971178,60
1416504479873451001,57
1416504479893877165,59
1416504479918381183,62
1416504479939129792,63
1416504479959708802,60
1416504479984243715,62
1416504480004426112,62
1416504480024866227,57
1416504480049340778,62
1416504480070287231,62
1416504480095189010,62
1416504480115442402,62
1416504480135963271,59
1416504480160013575,59
1416504480180916033,61
1416504480205341097,63
1416504480225865077,60
1416504480246280647,63
1416504480270996009,62
1416504480291477919,60
1416504480312650248,59
1416504480336544675,61
1416504480356668448,61
1416504480381461260,59
1416504480402036998,63
1416504480422592921,62
1416504480447021818,64
1416504480467283981,59
1416504480488508513,60
1416504480512719235,61
1416504480532646149,63
1416504480557272699,61
1416504480577641063,58
1416504480599247407,58
1416504480623333150,61
1416504480643705031,59
1416504480664636525,61
1416504480688719759,62
1416504480709208414,60
1416504480733703056,63
1416504480754267428,60
1416504480774950874,60
1416504480799336965,59
1416504480819956477,58
1416504480844432987,60
1416504480864754043,62
1416504480885139470,64
1416504480909876576,61
1416504480930331805,61
1416504480951150039,65
1416504480975023481,63
1416504480995610010,63
1416504481020585532,64
1416504481040835540,63
1416504481061570461,59
1416504481085683874,58
1416504481106376061,61
1416504481127260083,61
1416504481151194535,65
1416504481172190585,58
1416504481196636882,61
1416504481216628802,63
1416504481238480525,61
1416504481262071780,61
1416504481282052034,61
1416504481304473428,65
1416504481327316197,63
1416504481348200484,61
1416504481372733718,62
1416504481392751335,63
1416504481414326918,60
1416504481438205982,63
1416504481458685275,60
1416504481483220579,60
1416504481503866557,63
1416504481525056870,58
1416504481548846304,63
1416504481569396434,60
1416504481593568971,63
1416504481614351582,60
1416504481634657439,62
1416504481659379540,62
1416504481680055640,63
1416504481704519808,62
1416504481724913217,59
1416504481745235967,64
1416504481769851151,58
1416504481790435173,63
1416504481811042026,60
1416504481835035757,63
1416504481855638030,59
1416504481880208980,59
1416504481900516690,59
1416504481921907910,62
1416504481945662194,62
1416504481966606247,60
1416504481987089575,60
1416504482011292460,60
1416504482031745650,64
1416504482056551372,59
1416504482077116785,62
1416504482097710284,67
1416504482121941308,61
1416504482143051671,61
1416504482167256683,62
1416504482187717049,59
1416504482208777439,61
1416504482232727913,61
1416504482253330331,59
1416504482274052816,62
1416504482297935336,59
1416504482318459000,63
1416504482343720404,63
1416504482363892613,58
1416504482384152059,62
1416504482408470461,62
1416504482428890175,63
1416504482449586707,64
1416504482474001683,59
1416504482494540176,59
1416504482518894444,61
1416504482539559775,63
1416504482560057380,62
1416504482584614333,57
1416504482605115171,64
1416504482625710163,61
1416504482650191694,62
1416504482670641811,62
1416504482695106426,55
1416504482715607059,62
1416504482736228518,62
1416504482760718726,64
1416504482781273601,59
1416504482805717994,63
1416504482826205251,60
1416504482847513113,63
1416504482871925257,59
1416504482891858023,63
1416504482912583996,60
1416504482937267827,63
1416504482957621887,61
1416504482981754608,61
1416504483002733507,59
1416504483023933171,61
1416504483048072061,67
1416504483068359160,62
1416504483088847860,63
1416504483113010520,63
1416504483133851584,59
1416504483157995721,62
1416504483178884394,61
1416504483199102528,62
1416504483223421978,61
1416504483244527152,58
1416504483264976298,57
1416504483289233502,55
1416504483310067835,60
1416504483334458947,63
1416504483355012750,59
1416504483376723334,62
1416504483400215414,61
1416504483421111758,58
1416504483445111242,61
1416504483465248462,63
1416504483486776532,61
1416504483510606372,63
1416504483531182932,57
1416504483552813309,64
1416504483575782730,63
1416504483596758118,64
1416504483620826343,63
1416504483641343699,61
1416504483666163793,59
1416504483686779847,60
1416504483707357940,60
1416504483731705608,60
1416504483752494779,63
1416504483772967864,58
1416504483797331770,62
1416504483817802660,63
1416504483842177445,61
1416504483862338162,63
1416504483883437146,58
1416504483907737201,61
1416504483929481852,63
1416504483948961230,62
1416504483973181430,62
1416504483993971123,58
1416504484018198810,57
1416504484039018881,62
1416504484059058689,62
1416504484083974014,62
1416504484104589316,63
1416504484128823428,63
1416504484149576447,62
1416504484170161300,62
1416504484194255559,63
1416504484215500173,61
1416504484235763227,59
1416504484260179124,59
1416504484280526811,62
1416504484305126064,59
1416504484325751730,64
1416504484346393578,61
1416504484370676074,60
1416504484391167319,62
1416504484411812349,59
1416504484435948980,62
1416504484456682530,65
1416504484481273996,61
1416504484501747702,61
1416504484522382840,62
1416504484546740160,59
1416504484567536748,64
1416504484587948930,60
1416504484611914483,61
1416504484632786281,62
1416504484656934318,62
1416504484677902214,62
1416504484698288928,58
1416504484722702892,62
1416504484743473100,62
1416504484763854698,63
1416504484788526441,62
1416504484808474498,68
1416504484833473501,61
1416504484854057462,62
1416504484874300571,62
1416504484899024948,63
1416504484919854667,61
1416504484943580591,58
1416504484964022686,61
1416504484984695995,57
1416504485009181084,60
1416504485030162351,61
1416504485050704156,58
1416504485075164821,59
1416504485095835359,63
1416504485120527225,60
1416504485140800730,62
1416504485161364816,62
1416504485185725349,59
1416504485206305381,63
1416504485227270130,55
1416504485251297303,61
1416504485271989138,62
1416504485296571363,60
1416504485316509166,58
1416504485337925608,59
1416504485361946637,62
1416504485381938211,63
1416504485403995560,61
1416504485427754174,60
1416504485447952702,63
1416504485472560265,63
1416504485492891413,62
1416504485513744890,61
1416504485538014301,61
1416504485558464429,62
1416504485582943209,61
1416504485603399196,62
1416504485627959140,59
1416504485648514973,62
1416504485668721505,59
1416504485693035006,61
1416504485713606389,63
1416504485734643717,61
1416504485759461526,60
1416504485779655503,59
1416504485803724400,60
1416504485824538548,62
1416504485845369218,61
1416504485869239510,62
1416504485889880451,62
1416504485910858896,63
1416504485936337266,61
1416504485955776103,63
1416504485980094355,64
1416504486000680316,61
1416504486021407747,60
1416504486045845720,62
1416504486066051424,58
1416504486086458370,55
1416504486110981340,65
1416504486131986817,68
1416504486155869842,66
1416504486176661224,57
1416504486197553669,62
1416504486221614056,66
1416504486242183736,58
1416504486266554977,61
1416504486287809593,59
1416504486307614830,57
1416504486332045747,65
1416504486352805341,61
1416504486373289457,61
1416504486397578648,59
1416504486418257043,61
1416504486442778485,61
1416504486463244208,60
1416504486484264078,59
1416504486508196851,62
1416504486529202437,62
1416504486549756626,62
1416504486574202127,63
1416504486594705069,61
1416504486619182166,62
1416504486640306131,60
1416504486660387864,62
1416504486684338589,68
1416504486704772830,62
1416504486725922694,59
1416504486750413963,60
1416504486770860553,64
1416504486794937944,62
1416504486816247139,60
1416504486836088963,59
1416504486860940513,61
1416504486880996769,60
1416504486905911337,62
1416504486926446688,61
1416504486946584905,62
1416504486971024797,62
1416504486991576967,63
1416504487012612195,62
1416504487037029341,61
1416504487057333228,60
1416504487081586468,61
1416504487102524346,63
1416504487123145010,59
1416504487147539730,61
1416504487168375081,61
1416504487189438368,62
1416504487213091393,59
1416504487233642766,63
1416504487257868177,63
1416504487278663462,65
1416504487299952161,60
1416504487323331123,57
1416504487344278564,60
1416504487366036640,63
1416504487389269057,62
1416504487409606851,59
1416504487433985609,64
1416504487454834180,62
1416504487479404309,60
1416504487499853536,59
1416504487520525920,58
1416504487544728711,60
1416504487565366148,62
1416504487589816950,58
1416504487610383076,61
1416504487630929097,63
1416504487655772203,61
1416504487675975146,64
1416504487696019565,62
1416504487720806567,63
1416504487741481706,59
1416504487765433899,64
1416504487786501707,58
1416504487807241255,60
1416504487831880570,61
1416504487852066719,57
1416504487872624055,53
1416504487897067366,59
1416504487917480580,63
1416504487941632237,57
1416504487962561944,62
1416504487982753511,64
1416504488007850438,63
1416504488027778688,59
1416504488048737297,60
1416504488073155684,60
1416504488093413439,60
1416504488118233383,58
1416504488138741768,58
1416504488160150167,64
1416504488183950832,58
1416504488204323700,60
1416504488228825677,61
1416504488249256833,63
1416504488269912111,62
1416504488294286968,62
1416504488314675621,62
1416504488335248776,62
1416504488360213127,62
1416504488380460270,60
1416504488404954030,60
1416504488425306431,62
1416504488446017065,63
1416504488470367806,58
1416504488491047162,63
1416504488512050566,61
1416504488535993574,63
1416504488556664078,59
1416504488581055666,65
1416504488601345471,62
1416504488622157038,59
1416504488646633423,63
1416504488667129070,60
1416504488688293025,63
1416504488712082654,61
1416504488732689342,60
1416504488757123877,62
1416504488777531945,63
1416504488798162707,61
1416504488822735626,62
1416504488843189327,62
1416504488867335494,62
1416504488887811165,63
1416504488908655221,60
1416504488933207232,57
1416504488953791504,59
1416504488974014000,61
1416504488998356549,59
1416504489018877086,61
1416504489043863071,62
1416504489064495146,62
1416504489084790323,68
1416504489108858519,60
1416504489129829667,62
1416504489152602803,62
1416504489174550031,58
1416504489195556300,60
1416504489219834838,64
1416504489240229036,61
1416504489261450079,64
1416504489285441841,62
1416504489305726224,64
1416504489327120484,59
1416504489351146596,64
1416504489371390131,63
1416504489395995935,65
1416504489416244486,61
1416504489437722423,62
1416504489461976900,62
1416504489481790361,59
1416504489506376204,62
1416504489527118850,57
1416504489551744553,63
1416504489571932888,59
1416504489592709130,63
1416504489617168943,62
1416504489637792849,62
1416504489657911567,58
1416504489682683647,59
1416504489703566069,62
1416504489727898097,62
1416504489748369368,62
1416504489768799401,58
1416504489793148257,62
1416504489814150652,62
1416504489833993843,62
1416504489858928023,61
1416504489879081407,62
1416504489904030073,58
1416504489924550560,60
1416504489945143046,61
1416504489969070242,61
1416504489989985338,62
1416504490010559367,63
1416504490034926740,63
1416504490056574722,62
1416504490080294047,64
1416504490100658972,63
1416504490121156437,61
1416504490145614902,61
1416504490166100090,62
1416504490190636566,64
1416504490211138191,61
1416504490232219584,60
1416504490256538918,61
1416504490276252287,61
1416504490297270342,62
1416504490321684561,60
1416504490342190616,62
1416504490366265983,61
1416504490387279628,62
1416504490408260297,59
1416504490431908040,63
1416504490452797569,61
1416504490473196731,59
1416504490497594604,62
1416504490518300952,62
1416504490542523131,61
1416504490562840820,62
1416504490583601922,64
1416504490608401695,62
1416504490628464641,59
1416504490649613853,62
1416504490673848420,62
1416504490694428688,61
1416504490719227810,63
1416504490739437638,58
1416504490760298056,61
1416504490784037817,59
1416504490805025498,61
1416504490825640680,60
1416504490850111823,62
1416504490870275863,61
1416504490894861160,61
1416504490915240708,61
1416504490935712154,63
1416504490960406534,61
1416504490980880025,63
1416504491005588907,59
1416504491026119367,62
1416504491046871614,59
1416504491071374755,60
1416504491091850196,63
1416504491111984814,60
1416504491136919913,59
1416504491156812524,65
1416504491181398842,61
1416504491202072472,61
1416504491222769815,65
1416504491248174493,60
1416504491267927141,59
1416504491288648839,63
1416504491312900952,61
1416504491333433532,63
1416504491357848172,59
1416504491378080817,63
1416504491398708502,62
1416504491423127452,62
1416504491443524580,59
1416504491468418462,61
1416504491488737392,62
1416504491512992060,66
1416504491534061261,59
1416504491554078543,63
1416504491578737547,64
1416504491599158268,61
1416504491619615082,63
1416504491644655014,58
1416504491664949033,62
1416504491689573609,62
1416504491710046078,62
1416504491730735222,62
1416504491755246948,67
1416504491775816546,61
1416504491796376884,57
1416504491820825662,62
1416504491841255639,62
1416504491865649302,63
1416504491886375666,54
1416504491906578183,61
1416504491931293464,62
1416504491951836979,63
1416504491972459448,60
1416504491996943244,68
1416504492016772861,59
1416504492041725417,60
1416504492062259305,60
1416504492082902110,63
1416504492106879279,61
1416504492127495576,59
1416504492148181328,62
1416504492172419820,62
1416504492193004297,60
1416504492217938916,62
1416504492238533511,58
1416504492259196662,62
1416504492283537770,62
1416504492304313672,63
1416504492328495329,63
1416504492349065304,64
1416504492369294591,62
1416504492393777466,61
1416504492414690929,63
1416504492434895616,62
1416504492459430880,62
1416504492479708797,61
1416504492504712968,59
1416504492525218312,63
1416504492545878701,59
1416504492570183187,60
1416504492590847515,63
1416504492611354532,62
1416504492635432369,63
1416504492656241947,59
1416504492680563762,62
1416504492700937722,63
1416504492721489831,60
1416504492746497746,61
1416504492766847466,62
1416504492787140890,66
1416504492811399500,62
1416504492832190642,58
1416504492856945307,63
1416504492877597248,62
1416504492897918202,62
1416504492922506417,59
1416504492944314893,60
1416504492967321397,62
1416504492987532409,59
1416504493008657782,57
1416504493032966021,59
1416504493053207115,64
1416504493073801741,57
1416504493098067504,61
1416504493118839797,61
1416504493144445816,64
1416504493164087555,61
1416504493185775390,58
1416504493209089888,65
1416504493229740555,59
1416504493251153465,63
1416504493274804866,62
1416504493295698173,58
1416504493320011935,61
1416504493340310980,62
1416504493361717726,62
1416504493385020166,62
1416504493405835827,59
1416504493426293387,66
1416504493450411185,60
1416504493471646101,63
1416504493495369245,63
1416504493516389785,61
1416504493541122972,58
1416504493561307664,59
1416504493581970138,59
1416504493605975942,59
1416504493626903001,61
1416504493651115859,63
1416504493671450264,61
1416504493691807128,62
1416504493716748328,61
1416504493737252372,62
1416504493757774441,62
1416504493782578245,61
1416504493803030526,62
1416504493827530184,63
1416504493847699285,61
1416504493868326504,64
1416504493893060994,63
1416504493913493723,62
1416504493934250631,59
1416504493958617488,62
1416504493979168570,59
1416504494003391696,59
1416504494023809296,58
1416504494044908178,62
1416504494069282397,61
1416504494089393462,64
1416504494110387011,61
1416504494134907637,60
1416504494155282715,58
1416504494179825987,61
1416504494200719775,63
1416504494221006904,63
1416504494245358040,59
1416504494265833295,63
1416504494290349681,62
1416504494311441563,59
1416504494331121441,62
1416504494355499964,59
1416504494376594132,65
1416504494397081955,62
1416504494421240460,64
1416504494441953907,60
1416504494466083258,63
1416504494487146280,61
1416504494507655693,62
1416504494532178809,63
1416504494552234002,58
1416504494572690139,62
1416504494597437192,62
1416504494618054263,62
1416504494642626521,61
1416504494663426020,62
1416504494683336486,59
1416504494708211795,63
1416504494728314070,60
1416504494748960759,63
1416504494773657703,61
1416504494793826218,63
1416504494818288837,64
1416504494839545843,60
1416504494859882614,62
1416504494884399511,58
1416504494904835337,61
1416504494929022191,64
1416504494949402261,63
1416504494970481289,62
1416504494994432387,63
1416504495015581708,62
1416504495035947788,62
1416504495060429215,58
1416504495080980487,63
1416504495105234945,62
1416504495125922887,63
1416504495147053356,60
1416504495170713958,62
1416504495191922849,62
1416504495212485312,59
1416504495236588953,61
1416504495256837555,63
1416504495281548466,66
1416504495301783402,60
1416504495326529794,59
1416504495347040414,63
1416504495368388441,61
1416504495387901686,62
1416504495412653606,59
1416504495432903601,61
1416504495457326124,63
1416504495478161279,63
1416504495502595714,62
1416504495523336641,63
1416504495544255491,59
1416504495568482261,58
1416504495588891421,62
1416504495613158141,60
1416504495633554533,62
1416504495654297509,60
1416504495678829049,58
1416504495699046776,62
1416504495720043773,63
1416504495744329727,63
1416504495765003271,64
1416504495789088390,61
1416504495809885719,62
1416504495830138971,59
1416504495854987009,61
1416504495875190107,61
1416504495896399039,59
1416504495920027062,60
1416504495940718572,59
1416504495965439988,63
1416504495985969942,62
1416504496006746880,63
1416504496031171879,59
1416504496051487918,64
1416504496072549091,63
1416504496096586722,62
1416504496116611155,60
1416504496141760641,61
1416504496161638051,59
1416504496182309245,62
1416504496207154431,59
1416504496227464170,61
1416504496252217914,63
1416504496272412207,62
1416504496293321832,63
1416504496317734192,63
1416504496338273001,65
1416504496358936683,58
1416504496383577195,59
1416504496403329477,62
1416504496428353698,61
1416504496448820218,64
1416504496469441073,56
1416504496493417285,60
1416504496514005341,60
1416504496535014756,63
1416504496559909409,61
1416504496579670987,64
1416504496603959261,60
1416504496624575069,62
1416504496645534827,60
1416504496669591657,62
1416504496690503716,61
1416504496711302163,60
1416504496736651121,63
1416504496756057760,60
1416504496780150420,63
1416504496800642954,57
1416504496821458208,62
1416504496846089842,61
1416504496866638362,59
1416504496890613281,60
1416504496911990590,66
1416504496932395917,62
1416504496956740764,61
1416504496977095290,61
1416504496997838312,63
1416504497022190481,63
1416504497042638820,87
1416504497067212349,59
1416504497087436762,62
1416504497108148042,64
1416504497132760736,59
1416504497153199052,59
1416504497174302721,63
1416504497198300707,61
1416504497218901571,63
1416504497242989617,61
1416504497263971760,59
1416504497285608021,62
1416504497308950758,61
1416504497328992861,61
1416504497353577386,62
1416504497374367069,61
1416504497394989482,61
1416504497419119738,59
1416504497440369142,62
1416504497464393553,62
1416504497484640541,61
1416504497505206246,62
1416504497529463675,60
1416504497550663201,62
1416504497575316286,58
1416504497595516198,63
1416504497616446083,62
1416504497640496147,65
1416504497661204395,59
1416504497681480764,63
1416504497705796560,59
1416504497726386300,61
1416504497751623083,61
1416504497771490626,58
1416504497792763288,60
1416504497816277759,63
1416504497836924081,62
1416504497857859273,58
1416504497881958834,63
1416504497902415979,59
1416504497927520226,60
1416504497947436760,61
1416504497968541296,64
1416504497992660071,64
1416504498013349241,61
1416504498033934029,61
1416504498058540985,59
1416504498079086364,60
1416504498103456027,66
1416504498123621691,62
1416504498148579957,61
1416504498168912975,62
1416504498189458520,62
1416504498210111126,62
1416504498234454049,56
1416504498255575834,60
1416504498279898591,62
1416504498299934391,64
1416504498320674420,62
1416504498345132444,63
1416504498365590099,60
1416504498390125132,62
1416504498410245302,61
1416504498431683705,60
1416504498456444459,60
1416504498476260045,58
1416504498495981962,58
1416504498520587513,61
1416504498541088626,59
1416504498565951941,63
1416504498586596845,63
1416504498608582207,62
1416504498632202036,62
1416504498652380559,60
1416504498672481255,60
1416504498696883222,59
1416504498717873534,62
1416504498742384061,61
1416504498762632758,65
1416504498784202553,62
1416504498807466266,62
1416504498828476733,58
1416504498848823327,63
1416504498873253066,59
1416504498893974178,63
1416504498918486069,60
1416504498939108317,63
1416504498960356724,59
1416504498983658883,59
1416504499004694132,63
1416504499029102198,62
1416504499049641573,62
1416504499070153586,61
1416504499094621567,61
1416504499114939140,61
1416504499135797808,63
1416504499159669684,66
1416504499180402598,62
1416504499205115399,59
1416504499225507410,59
1416504499246421540,62
1416504499270800419,62
1416504499291279743,57
1416504499311589332,61
1416504499336288940,63
1416504499356490844,55
1416504499381383618,60
1416504499401819438,62
1416504499426232254,60
1416504499447409971,61
1416504499467461456,61
1416504499491777397,58
1416504499512341679,62
1416504499532694758,60
1416504499556995409,63
1416504499577991645,64
1416504499602420432,59
1416504499623317929,60
1416504499643492833,64
1416504499668083112,62
1416504499688363981,63
1416504499712859821,59
1416504499733459878,62
1416504499753956742,65
1416504499778583904,62
1416504499799480278,58
1416504499819657312,62
1416504499844202644,59
1416504499864406003,64
1416504499888942933,59
1416504499909620748,63
1416504499929708541,62
1416504499954585621,63
1416504499975713012,61
1416504499995838975,61
1416504500019821121,62
1416504500041248237,62
1416504500064739139,59
1416504500085360696,62
1416504500106044759,63
1416504500130539230,61
1416504500151693574,63
1416504500171843712,62
1416504500196407265,60
1416504500216870217,59
1416504500240868990,59
1416504500262172562,57
1416504500283185530,64
1416504500306403073,63
1416504500327717765,63
1416504500352248929,64
1416504500372517967,61
1416504500393305329,62
1416504500417435009,63
1416504500438138636,61
1416504500458650244,64
1416504500482834231,59
1416504500503114119,58
1416504500528283389,64
1416504500548605321,62
1416504500569009255,62
1416504500593573865,59
1416504500613786810,62
1416504500634394576,62
1416504500658711775,61
1416504500679926942,63
1416504500703809416,61
1416504500724766528,62
1416504500744973931,63
1416504500769535449,59
1416504500790247400,62
1416504500810551237,62
1416504500835306374,59
1416504500856676259,62
1416504500879905210,62
1416504500900777704,62
1416504500921001991,62
1416504500945871993,60
1416504500966359821,60
1416504500991014105,62
1416504501011386306,60
1416504501032559883,59
1416504501056371587,63
1416504501077034406,61
1416504501097472706,63
1416504501121970673,62
1416504501141920603,63
1416504501167140512,62
1416504501187001877,58
1416504501208386457,62
1416504501232161102,61
1416504501253107244,61
1416504501274262124,59
1416504501297611435,57
1416504501319642219,59
1416504501343349658,61
1416504501363677213,62
1416504501388056759,64
1416504501408527990,67
1416504501428821267,62
1416504501453737629,62
1416504501474223443,62
1416504501494751082,60
1416504501519523753,62
1416504501539839748,59
1416504501564309989,59
1416504501584641787,65
1416504501605023201,62
1416504501629265235,62
1416504501649922960,60
1416504501674629731,59
1416504501696592717,63
1416504501715960633,62
1416504501740440230,60
1416504501760449244,63
1416504501781014959,58
1416504501805918372,60
1416504501826460207,61
1416504501850994599,61
1416504501871760578,63
1416504501892042494,60
1416504501916632893,59
1416504501937011329,58
1416504501957285097,62
1416504501981966637,60
1416504502002551290,59
1416504502027088869,58
1416504502047789991,59
1416504502068276531,59
1416504502092275750,59
1416504502113088227,64
1416504502133420248,60
1416504502158093928,65
1416504502178580303,61
1416504502203189634,60
1416504502223390512,64
1416504502244439597,58
1416504502268422033,61
1416504502288869259,62
1416504502313562882,61
1416504502334302225,54
1416504502354597638,64
1416504502379399866,59
1416504502399430589,61
1416504502420515210,64
1416504502445047431,62
1416504502465448162,62
1416504502489557917,58
1416504502510059837,60
1416504502531042021,63
1416504502555086858,63
1416504502576229099,65
1416504502596647325,58
1416504502620663617,62
1416504502640958963,61
1416504502666268113,63
1416504502686006242,58
1416504502707197459,63
1416504502731505207,62
1416504502752670315,64
1416504502772195388,59
1416504502796779347,60
1416504502817615394,64
1416504502841729393,59
1416504502862663828,61
1416504502882868871,59
1416504502907715044,67
1416504502928279992,59
1416504502952539942,63
1416504502973238203,58
1416504502994766994,62
1416504503018220372,61
1416504503038942236,63
1416504503059383068,61
1416504503083449860,62
1416504503104302986,61
1416504503128179051,59
1416504503149403097,63
1416504503170079393,63
1416504503194368990,60
1416504503215145748,61
1416504503235322066,63
1416504503259938819,64
1416504503280400959,63
1416504503304852703,60
1416504503325059585,62
1416504503350062378,62
1416504503370500479,62
1416504503391763574,60
1416504503415608358,62
1416504503436047917,59
1416504503456571888,63
1416504503480943400,63
1416504503501307994,62
1416504503526035504,61
1416504503546062849,60
1416504503567572172,61
1416504503591884360,63
1416504503612181085,61
1416504503636624812,67
1416504503657115351,58
1416504503677416537,57
1416504503701589500,60
1416504503722340915,62
1416504503742861698,61
1416504503768007164,62
1416504503788269096,59
1416504503812785076,64
1416504503833236778,62
1416504503854297299,63
1416504503878096590,62
1416504503898620444,60
1416504503919453295,59
1416504503944185831,61
1416504503964504576,60
1416504503988601040,59
1416504504009237370,61
1416504504030006075,58
1416504504054054891,60
1416504504074964691,63
1416504504095236220,64
1416504504120233359,64
1416504504140449949,59
1416504504164652002,59
1416504504185601802,60
1416504504205648877,59
1416504504230674717,62
1416504504251096952,64
1416504504271911155,63
1416504504296269814,63
1416504504316839362,62
1416504504341095614,62
1416504504361516120,58
1416504504382298280,62
1416504504406735777,62
1416504504427146195,60
1416504504451669612,61
1416504504472263801,61
1416504504492948651,61
1416504504517188921,62
1416504504537663480,64
1416504504558332243,62
1416504504582786428,63
1416504504603319885,59
1416504504627883082,62
1416504504648419881,59
1416504504669179120,67
1416504504693370449,58
1416504504713490825,60
1416504504734521508,62
1416504504759071420,60
1416504504779470207,62
1416504504803919285,58
1416504504824470557,61
1416504504845250297,59
1416504504869105339,61
1416504504889813723,61
1416504504910668603,63
1416504504935397440,63
1416504504956581230,59
1416504504980066295,61
1416504505000575271,60
1416504505021405410,63
1416504505045199108,62
1416504505065845341,62
1416504505090930315,60
1416504505110766717,61
1416504505131816970,62
1416504505155958126,62
1416504505176651124,61
1416504505197396055,60
1416504505221734078,62
1416504505241852956,62
1416504505266797776,62
1416504505286800786,64
1416504505311847002,63
1416504505332390106,61
1416504505352741370,63
1416504505377213826,62
1416504505397914742,63
1416504505418122316,59
1416504505442979584,61
1416504505463382340,61
1416504505487805184,59
1416504505508507257,61
1416504505528990305,64
1416504505553168600,59
1416504505574012109,62
1416504505594528472,62
1416504505618485010,62
1416504505640268018,61
1416504505668091797,58
1416504505683992620,58
1416504505705106274,59
1416504505729534079,60
1416504505750120597,63
1416504505774653099,58
1416504505794622854,62
1416504505815785992,60
1416504505840240392,62
1416504505860783506,64
1416504505880854535,63
1416504505905544063,63
1416504505926206387,62
1416504505950239994,58
1416504505971321222,63
1416504505992206326,62
1416504506016410474,58
1416504506036874263,61
1416504506057227036,57
1416504506081576664,63
1416504506102396254,60
1416504506127099097,63
1416504506147409072,60
1416504506167564292,59
1416504506192370670,63
1416504506212945766,60
1416504506233493901,64
1416504506257483519,60
1416504506278583900,59
1416504506303299653,62
1416504506323506950,62
1416504506344739476,64
1416504506368221799,63
1416504506389074635,61
1416504506413131615,62
1416504506433859016,62
1416504506454968473,60
1416504506479261984,58
1416504506499546496,60
1416504506520341781,58
1416504506544504456,62
1416504506564637987,61
1416504506589795169,63
1416504506609867902,60
1416504506630348134,58
1416504506655842049,64
1416504506675743980,61
1416504506696560283,60
1416504506720754724,61
1416504506741254219,64
1416504506765273479,63
1416504506785781778,59
1416504506807330370,63
1416504506831646528,62
1416504506851561303,62
1416504506872491343,59
1416504506896637946,64
1416504506917415786,63
1416504506941377130,64
1416504506962414073,58
1416504506984316827,63
1416504507007804867,61
1416504507028016265,59
1416504507052174048,65
1416504507072636103,58
1416504507094761181,63
1416504507117983565,62
1416504507138720142,63
1416504507159935249,60
1416504507183955210,58
1416504507204089201,61
1416504507228592352,58
1416504507248965872,62
1416504507273196009,61
1416504507294093721,65
1416504507314421041,62
1416504507339118607,61
1416504507360003586,62
1416504507380308139,62
1416504507404398073,61
1416504507425237659,64
1416504507449754796,61
1416504507470237899,63
1416504507490865424,62
1416504507515011105,62
1416504507536223244,58
1416504507556395047,61
1416504507580524265,61
1416504507601363044,62
1416504507625379863,62
1416504507646359150,64
1416504507666890602,61
1416504507691087093,63
1416504507711405194,62
1416504507736044832,61
1416504507757001693,60
1416504507777604282,59
1416504507801997123,61
1416504507822138687,59
1416504507843074601,62
1416504507867559350,62
1416504507888170874,65
1416504507912413449,63
1416504507932690004,61
1416504507953248953,60
1416504507977750360,65
1416504507998734614,64
1416504508019171752,59
1416504508043656571,62
1416504508064163954,60
1416504508088208691,61
1416504508109109856,68
1416504508129821828,58
1416504508154240858,62
1416504508174615645,62
1416504508195310549,63
1416504508220037889,62
1416504508240032317,65
1416504508264865526,62
1416504508285332156,61
1416504508306082962,62
1416504508329948858,62
1416504508350989180,61
1416504508375408594,60
1416504508395912579,65
1416504508416488677,62
1416504508440497142,61
1416504508461382296,59
1416504508481601005,57
1416504508506364160,59
1416504508527865886,62
1416504508551862263,58
1416504508571965992,61
1416504508592401677,58
1416504508616954991,60
1416504508637491144,64
1416504508657934371,60
1416504508682361766,60
1416504508702664019,65
1416504508727806032,57
1416504508748193899,62
1416504508768556724,62
1416504508792979403,60
1416504508813279240,62
1416504508834318448,58
1416504508858417137,62
1416504508879063591,62
1416504508903663716,62
1416504508924257434,63
1416504508945839592,64
1416504508968839497,65
1416504508989465083,62
1416504509014284650,63
1416504509034588562,61
1416504509056492715,62
1416504509080351360,62
1416504509100723391,61
1416504509121552794,62
1416504509145196838,62
1416504509165482133,62
1416504509190416856,58
1416504509210891831,60
1416504509235002412,60
1416504509256204674,62
1416504509276186621,62
1416504509300970754,62
1416504509321543755,62
1416504509342057342,57
1416504509366582864,59
1416504509387059442,61
1416504509411776663,63
1416504509432207888,62
1416504509452247300,62
1416504509477002191,62
1416504509497529519,63
1416504509518125298,59
1416504509542705012,59
1416504509563125312,63
1416504509587309741,62
1416504509607789020,61
1416504509628955085,63
1416504509653743187,64
1416504509673534297,59
1416504509697771846,63
1416504509718274643,62
1416504509739363358,63
1416504509763817678,62
1416504509784226262,61
1416504509804978600,63
1416504509828883806,57
1416504509849706222,61
1416504509874331460,63
1416504509895080936,60
1416504509915264490,62
1416504509939904015,62
1416504509960364426,62
1416504509980658251,63
1416504510005124894,65
1416504510025977629,63
1416504510050471980,59
1416504510070618480,63
1416504510091601520,61
1416504510116006028,64
1416504510136529632,59
1416504510156730250,60
1416504510181569918,63
1416504510202063369,61
1416504510226665309,61
1416504510247509836,60
1416504510267585608,62
1416504510292074185,62
1416504510312557141,62
1416504510337134650,64
1416504510357812163,64
1416504510378279330,59
1416504510402667130,59
1416504510422967869,64
1416504510443920771,64
1416504510468407104,61
1416504510488700787,58
1416504510512925147,63
1416504510533536229,59
1416504510554543670,62
1416504510578815657,62
1416504510599618820,63
1416504510620066107,59
1416504510644386108,62
1416504510664961830,62
1416504510689408959,62
1416504510709894402,61
1416504510730379930,62
1416504510754985123,62
1416504510775930853,61
1416504510796202622,60
1416504510820695691,65
1416504510840839329,58
1416504510865745348,61
1416504510886011915,58
1416504510907329784,62
1416504510931036054,63
1416504510951772060,61
1416504510972684055,60
1416504510996745921,63
1416504511017610207,61
1416504511041242415,60
1416504511062145575,63
1416504511083210993,61
1416504511106896189,55
1416504511127890685,62
1416504511152259096,63
1416504511172788824,61
1416504511197308918,58
1416504511217303289,59
1416504511238383580,62
1416504511262692796,62
1416504511282931450,63
1416504511304050864,62
1416504511328337124,61
1416504511348608567,63
1416504511373291766,59
1416504511393901962,61
1416504511414536172,63
1416504511439118782,58
1416504511459485937,63
1416504511479573048,59
1416504511504096370,62
1416504511525027748,63
1416504511549345268,61
1416504511569984901,69
1416504511590637127,62
1416504511614701829,63
1416504511635595933,64
1416504511656538798,64
1416504511680259190,62
1416504511701190594,59
1416504511725679106,61
1416504511746128152,64
1416504511766274351,63
1416504511791400624,61
1416504511811697585,63
1416504511835923397,59
1416504511856967316,60
1416504511877352196,67
1416504511901645641,62
1416504511922225664,62
1416504511943153630,61
1416504511967551823,61
1416504511987803125,62
1416504512011895285,62
1416504512032886243,60
1416504512053773742,62
1416504512077727884,59
1416504512098192215,64
1416504512119505593,62
1416504512143603546,61
1416504512164049425,62
1416504512188039060,62
1416504512209031359,60
1416504512229500860,63
1416504512253873330,60
1416504512274537172,61
1416504512295449538,62
1416504512319862058,63
1416504512339991249,60
1416504512364615680,62
1416504512385043382,60
1416504512405703421,62
1416504512429701838,63
1416504512450646471,62
1416504512474982488,62
1416504512496666597,58
1416504512515990734,61
1416504512540705019,63
1416504512560801540,63
1416504512581766460,63
1416504512606214126,60
1416504512626348879,62
1416504512651305707,59
1416504512672215607,60
1416504512692948260,62
1416504512716316394,65
1416504512737158380,60
1416504512758140980,61
1416504512782430752,61
1416504512802553719,63
1416504512827336172,64
1416504512848027963,61
1416504512870193633,62
1416504512892975324,62
1416504512913476858,65
1416504512934013106,59
1416504512958603379,62
1416504512979049569,61
1416504513003476557,62
1416504513024150327,59
1416504513045184809,61
1416504513069024456,63
1416504513089511513,59
1416504513113646552,63
1416504513134486190,62
1416504513155157842,62
1416504513179712949,67
1416504513200044129,61
1416504513224156312,62
1416504513245151811,57
1416504513265631210,63
1416504513290164800,59
1416504513310230813,62
1416504513334849501,62
1416504513355641357,63
1416504513376262338,61
1416504513400326409,63
1416504513421125562,61
1416504513441322152,59
1416504513466290583,59
1416504513486834988,61
1416504513511326134,61
1416504513531417141,59
1416504513551823345,58
1416504513576753142,60
1416504513597353761,59
1416504513617794570,60
1416504513641767818,61
1416504513663459700,54
1416504513687697991,61
1416504513707942939,59
1416504513728499286,62
1416504513752870316,62
1416504513773433969,63
1416504513797474651,60
1416504513818080290,61
1416504513839428264,64
1416504513863451656,58
1416504513883962607,61
1416504513904517287,64
1416504513929092524,58
1416504513949573602,60
1416504513974196481,60
1416504513994633853,60
1416504514015496276,62
1416504514039176099,62
1416504514059726724,60
1416504514080424686,60
1416504514104759190,62
1416504514125244618,62
1416504514149852285,61
1416504514170222052,60
1416504514192157941,62
1416504514216007937,61
1416504514236392536,63
1416504514256960552,58
1416504514281052716,60
1416504514301859232,61
1416504514326398966,62
1416504514346872126,63
1416504514367225184,63
1416504514392465209,63
1416504514412653579,61
1416504514436949626,62
1416504514457249899,62
1416504514478066764,64
1416504514502485874,61
1416504514522628590,62
1416504514544274107,61
1416504514567588499,62
1416504514588606243,62
1416504514612677931,62
1416504514633600711,58
1416504514653813827,63
1416504514678493758,59
1416504514698883524,61
1416504514719295456,63
1416504514744087060,60
1416504514764789039,63
1416504514789176297,61
1416504514809428637,62
1416504514831769694,62
1416504514854371853,62
1416504514874981538,62
1416504514896843099,64
1416504514920257317,62
1416504514940788243,63
1416504514965323697,58
1416504514985294951,61
1416504515006044497,62
1416504515030966261,62
1416504515051368571,61
1416504515075816587,66
1416504515096258110,59
1416504515120894593,62
1416504515141357475,63
1416504515162089823,62
1416504515186286855,62
1416504515207725593,59
1416504515227483748,60
1416504515251968637,61
1416504515272359356,62
1416504515296973213,61
1416504515317502951,62
1416504515338072961,61
1416504515362485075,58
1416504515382807888,63
1416504515403692067,64
1416504515428167775,61
1416504515448554850,62
1416504515472966098,63
1416504515493624317,60
1416504515514264812,62
1416504515538640509,64
1416504515559342017,64
1416504515579749728,58
1416504515604263223,60
1416504515624658341,59
1416504515648962486,61
1416504515669259698,63
1416504515690356040,60
1416504515714828160,61
1416504515735625069,62
1416504515760078921,62
1416504515780403993,64
1416504515800830603,58
1416504515824874583,59
1416504515845890568,60
1416504515866490255,60
1416504515890507580,62
1416504515911815322,62
1416504515935917047,63
1416504515956008764,63
1416504515977020619,63
1416504516001453085,59
1416504516022007359,58
1416504516042216471,60
1416504516066676515,58
1416504516087721044,62
1416504516112417739,62
1416504516132641303,63
1416504516153019600,63
1416504516177581087,62
1416504516198128606,60
1416504516218701567,60
1416504516242851979,62
1416504516264168038,57
1416504516288324123,63
1416504516308714746,61
1416504516329415816,59
1416504516353694110,59
1416504516374189685,61
1416504516400601796,64
1416504516418752193,61
1416504516439424154,66
1416504516463849228,60
1416504516484845619,63
1416504516505263038,56
1416504516529403913,60
1416504516549889531,65
1416504516575004453,64
1416504516595408181,62
1416504516616233825,59
1416504516640392029,63
1416504516661126497,60
1416504516681563520,62
1416504516705955223,62
1416504516726597883,62
1416504516751287556,62
1416504516771024533,60
1416504516792347303,64
1416504516816382709,62
1416504516837125240,62
1416504516858264229,62
1416504516882071979,59
1416504516902529611,62
1416504516927223808,62
1416504516947599578,62
1416504516968542672,62
1416504516992268838,62
1416504517013186891,63
1416504517034846494,59
1416504517058161924,62
1416504517079953346,61
1416504517103497069,62
1416504517123694644,59
1416504517145534932,57
1416504517168625923,62
1416504517189287059,62
1416504517213422016,61
1416504517234110018,62
1416504517258791638,63
1416504517279590777,61
1416504517299946717,58
1416504517324280584,61
1416504517344724728,61
1416504517365122718,60
1416504517389865713,59
1416504517410136920,61
1416504517434875870,62
1416504517456069458,63
1416504517476277998,61
1416504517500552987,62
1416504517520772403,62
1416504517541086728,69
1416504517565723742,59
1416504517586576102,60
1416504517611074727,62
1416504517631889246,59
1416504517652080778,64
1416504517676457113,61
1416504517696877679,62
1416504517717686969,59
1416504517742134905,60
1416504517762471040,61
1416504517787172926,63
1416504517807832373,58
1416504517827819999,60
1416504517852760570,61
1416504517873240296,61
1416504517897802600,61
1416504517918393051,61
1416504517938555873,59
1416504517963400257,59
1416504517984040792,62
1416504518004044032,62
1416504518028792043,59
1416504518049333017,59
1416504518073888200,62
1416504518094438871,62
1416504518115038178,62
1416504518139429680,62
1416504518159960346,59
1416504518180245595,62
1416504518205029506,61
1416504518225110519,62
1416504518249667511,61
1416504518269922257,60
1416504518291166835,61
1416504518315503083,63
1416504518336416281,64
1416504518356240986,64
1416504518381228755,62
1416504518401828612,60
1416504518426134591,63
1416504518447553469,64
1416504518467383157,61
1416504518491621668,62
1416504518512211458,63
1416504518536559682,62
1416504518557281561,66
1416504518577988100,62
1416504518602230194,64
1416504518623504770,61
1416504518643033526,62
1416504518667497478,60
1416504518688295374,62
1416504518712721540,58
1416504518733594020,62
1416504518753952791,61
1416504518778264664,59
1416504518799403808,60
1416504518819695753,62
1416504518843548134,62
1416504518864517619,62
1416504518888791458,59
1416504518909379310,59
1416504518930479957,64
1416504518954394575,62
1416504518975474139,59
1416504518995790023,63
1416504519019589675,59
1416504519040193827,59
1416504519064890405,61
1416504519085595226,62
1416504519106687028,60
1416504519130576799,63
1416504519151464864,61
1416504519175735513,59
1416504519196192086,66
1416504519220057205,60
1416504519240943447,64
1416504519261733300,63
1416504519285745513,64
1416504519306683056,64
1416504519327825106,63
1416504519351803939,60
1416504519372307874,59
1416504519396784555,62
1416504519416881623,62
1416504519437900079,61
1416504519461725489,58
1416504519482337289,62
1416504519503137304,62
1416504519527843069,59
1416504519548461814,66
1416504519572840518,64
1416504519593385030,62
1416504519613937129,63
1416504519638501780,60
1416504519658629853,67
1416504519679600470,61
1416504519704016514,59
1416504519724402336,61
1416504519748682005,63
1416504519769596791,63
1416504519790138873,62
1416504519814589545,63
1416504519834652972,61
1416504519859098983,64
1416504519879699211,59
1416504519900914137,62
1416504519924678995,56
1416504519945177683,59
1416504519966251564,58
1416504519990823757,59
1416504520011162126,62
1416504520035712990,59
1416504520055774974,65
1416504520076852188,59
1416504520101231994,63
1416504520121504049,61
1416504520142424603,61
1416504520167427446,62
1416504520187306615,60
1416504520211780143,62
1416504520232287096,60
1416504520253138282,66
1416504520277031832,59
1416504520297907745,63
1416504520318465852,61
1416504520343053239,60
1416504520363454311,64
1416504520387666978,63
1416504520408473384,63
1416504520429204238,62
1416504520453456932,62
1416504520474019820,61
1416504520498100103,58
1416504520518464348,61
1416504520539134358,61
1416504520563574686,59
1416504520584536854,60
1416504520604693888,66
1416504520629687581,62
1416504520650130282,62
1416504520674567037,63
1416504520695416976,63
1416504520715792269,68
1416504520740187105,59
1416504520760641317,56
1416504520781741132,65
1416504520805264694,63
1416504520826269889,63
1416504520850740251,60
1416504520871601495,63
1416504520892966862,62
1416504520915918688,61
1416504520936639530,62
1416504520957657915,60
1416504520981817959,61
1416504521002146917,59
1416504521026901593,59
1416504521046902994,60
1416504521069209343,62
1416504521092400414,61
1416504521112814790,63
1416504521137450148,63
1416504521157963109,60
1416504521182091330,62
1416504521202701691,62
1416504521223747243,59
1416504521247975526,62
1416504521268525783,59
1416504521288937933,59
1416504521313271970,62
1416504521333950556,60
1416504521358377073,63
1416504521378952630,61
1416504521400269362,59
1416504521423706032,62
1416504521444799829,61
1416504521465202905,61
1416504521489733458,61
1416504521510152119,62
1416504521534711793,59
1416504521555325462,58
1416504521576308232,62
1416504521600179927,62
1416504521620878909,62
1416504521641350165,61
1416504521665746649,62
1416504521686269011,58
1416504521710913978,60
1416504521731333461,62
1416504521752255965,59
1416504521776384778,82
1416504521796526562,61
1416504521821082222,62
1416504521841424701,67
1416504521862544647,61
1416504521887910958,64
1416504521907096306,58
1416504521927755597,63
1416504521952385671,62
1416504521973132356,63
1416504521997593937,59
1416504522017983734,61
1416504522038188541,55
1416504522062520419,62
1416504522083664429,62
1416504522104332286,62
1416504522128384675,63
1416504522149176963,60
1416504522173722375,61
1416504522194055362,60
1416504522214413367,59
1416504522238853770,61
1416504522259748275,64
1416504522280594446,58
1416504522304817300,57
1416504522324669321,61
1416504522349339813,61
1416504522370237386,61
1416504522391280894,57
1416504522415003767,61
1416504522435472933,62
1416504522460384213,63
1416504522480657405,60
1416504522501475612,62
1416504522525843968,62
1416504522545964028,63
1416504522567345436,61
1416504522591094388,62
1416504522611979958,63
1416504522636418968,60
1416504522656695418,62
1416504522677347839,62
1416504522701927549,64
1416504522722602707,63
1416504522742871183,60
1416504522767953721,60
1416504522787782041,59
1416504522812708156,62
1416504522832567053,61
1416504522853974501,61
1416504522878364395,62
1416504522898449155,63
1416504522920013698,60
1416504522943791921,62
1416504522964284460,64
1416504522988664778,62
1416504523008759842,59
1416504523029733982,62
1416504523053900640,62
1416504523074863159,62
1416504523099176104,58
1416504523119769612,59
1416504523143843656,60
1416504523164460817,63
1416504523184917861,59
1416504523209753235,60
1416504523230415939,63
1416504523250832180,62
1416504523275468297,63
1416504523296088471,62
1416504523320267723,62
1416504523340947546,60
1416504523361521755,58
1416504523385922394,63
1416504523406497210,62
1416504523427068768,62
1416504523451479569,59
1416504523472040068,63
1416504523496155264,60
1416504523516544049,62
1416504523537595865,57
1416504523561709588,60
1416504523582724401,61
1416504523602840527,61
1416504523627680215,59
1416504523648038535,60
1416504523672484231,63
1416504523693149527,59
1416504523713776631,63
1416504523737742058,61
1416504523758798991,62
1416504523783342624,64
1416504523803753829,61
1416504523824163931,59
1416504523848565266,62
1416504523868839841,59
1416504523889926847,61
1416504523914337599,61
1416504523934391384,59
1416504523959826476,63
1416504523979868475,59
1416504524000337916,63
1416504524024683776,62
1416504524045383304,58
1416504524065624002,64
1416504524090058302,63
1416504524111269630,60
1416504524135366134,67
1416504524155937221,61
1416504524176285214,57
1416504524200964614,61
1416504524221530609,63
1416504524242056764,63
1416504524266639691,64
1416504524288002406,62
1416504524311145781,60
1416504524332529114,60
1416504524352076133,62
1416504524377042732,64
1416504524397170740,62
1416504524417890725,62
1416504524442711224,62
1416504524463813515,61
1416504524487390733,63
1416504524508314198,60
1416504524528875303,59
1416504524552942150,59
1416504524573378983,64
1416504524597865800,59
1416504524618123142,55
1416504524639270573,61
1416504524663722204,62
1416504524683945549,61
1416504524705633286,61
1416504524729369430,64
1416504524749416434,58
1416504524774627845,62
1416504524794922155,62
1416504524815572978,60
1416504524839520660,60
1416504524860558996,59
1416504524881784846,58
1416504524905411115,61
1416504524926062053,61
1416504524950045497,61
1416504524970763898,63
1416504524992320027,60
1416504525016237029,60
1416504525036217523,63
1416504525058135021,64
1416504525081667502,66
1416504525102152976,61
1416504525126695360,60
1416504525146954025,59
1416504525171609962,62
1416504525192438638,61
1416504525212778641,63
1416504525237158177,59
1416504525257674821,62
1416504525282053018,61
1416504525302936538,68
1416504525323494400,60
1416504525347477979,61
1416504525368145931,62
1416504525388531693,63
1416504525413302024,59
1416504525433403597,64
1416504525457967656,62
1416504525479099066,59
1416504525499505732,60
1416504525523853255,63
1416504525544348025,61
1416504525565121124,61
1416504525589419296,65
1416504525609953926,62
1416504525634464047,61
1416504525655371732,64
1416504525675583364,60
1416504525699913544,61
1416504525720177816,63
1416504525741212643,63
1416504525765109095,66
1416504525785636377,60
1416504525810083687,60
1416504525831465085,61
1416504525851718808,62
1416504525875754911,65
1416504525896496118,66
1416504525920701133,60
1416504525941803699,61
1416504525962323716,62
1416504525986700099,63
1416504526007373002,62
1416504526027887216,62
1416504526051982918,60
1416504526072768236,63
1416504526097257024,63
1416504526117330529,64
1416504526138408895,63
1416504526162803525,62
1416504526183364339,61
1416504526203546746,62
1416504526228352742,61
1416504526248667669,61
1416504526273401628,63
1416504526293466348,61
1416504526314581067,63
1416504526338515168,62
1416504526359818038,63
1416504526379534559,61
1416504526404195623,61
1416504526424994205,61
1416504526449480969,64
1416504526470106379,57
1416504526490680974,63
1416504526515098832,63
1416504526536475835,60
1416504526560320574,66
1416504526580729193,64
1416504526601213123,61
1416504526625534046,60
1416504526645795466,62
1416504526666835666,61
1416504526691170506,60
1416504526711855456,63
1416504526735814559,64
1416504526756748453,63
1416504526777694670,59
1416504526801349729,60
1416504526821831394,62
1416504526844072625,63
1416504526867294483,62
1416504526887997589,62
1416504526912350860,59
1416504526932956010,64
1416504526953578844,62
1416504526977679643,60
1416504526998442304,59
1416504527022988954,59
1416504527043137514,62
1416504527063576291,61
1416504527088363440,62
1416504527108498490,59
1416504527133465406,59
1416504527153974588,60
1416504527174129702,62
1416504527199443024,62
1416504527219565474,62
1416504527243501786,60
1416504527264229203,63
1416504527284737788,62
1416504527309534514,61
1416504527329832332,67
1416504527351027328,60
1416504527375489145,62
1416504527395511448,61
1416504527420052768,60
1416504527440667692,63
1416504527461224718,59
1416504527485612487,62
1416504527505799283,63
1416504527527009904,63
1416504527552033785,67
1416504527571722964,63
1416504527596527583,62
1416504527616621684,63
1416504527636875603,63
1416504527661262520,59
1416504527681934401,60
1416504527702456728,61
1416504527727943346,59
1416504527747888575,61
1416504527771920033,62
1416504527792976830,65
1416504527813590970,63
1416504527837881469,59
1416504527858522194,62
1416504527882481307,63
1416504527904438394,65
1416504527923609058,58
1416504527948614708,62
1416504527968542222,62
1416504527989603946,63
1416504528014069892,61
1416504528034152167,58
1416504528059113631,64
1416504528079734205,60
1416504528100702147,64
1416504528124658764,61
1416504528144754409,63
1416504528165437044,58
1416504528190200150,59
1416504528210270191,62
1416504528235198921,60
1416504528255652566,65
1416504528276522511,58
1416504528300733715,63
1416504528321273982,59
1416504528341648845,59
1416504528366259077,58
1416504528386862188,64
1416504528411353277,62
1416504528432245032,63
1416504528452026095,59
1416504528476913474,61
1416504528497387742,64
1416504528521887971,58
1416504528542469211,59
1416504528562644496,62
1416504528586895275,62
1416504528608597871,65
1416504528629288549,63
1416504528653052440,59
1416504528673543165,60
1416504528698031583,61
1416504528718232526,65
1416504528740242558,61
1416504528763605561,60
1416504528783674340,58
1416504528804493609,60
1416504528829136026,61
1416504528849511655,62
1416504528874109809,62
1416504528894604746,58
1416504528915304750,63
1416504528939628123,61
1416504528959709710,63
1416504528980889305,60
1416504529005150808,60
1416504529025389594,60
1416504529049802581,59
1416504529070371418,60
1416504529095896339,61
1416504529115764172,60
1416504529135932227,62
1416504529160309309,64
1416504529181145359,59
1416504529205464599,62
1416504529226378818,62
1416504529247939292,59
1416504529272403655,59
1416504529291975428,61
1416504529312437097,63
1416504529336958820,58
1416504529357445045,63
1416504529381528630,62
1416504529402318894,63
