%time,field
1416503846680900174,471
1416503846704992817,468
1416503846725331631,472
1416503846749788883,472
1416503846770531889,475
1416503846795106301,471
1416503846815264212,472
1416503846837369215,471
1416503846860870035,476
1416503846881286937,474
1416503846901653396,470
1416503846926072166,471
1416503846946432160,472
1416503846971251677,472
1416503846991401911,472
1416503847012617084,469
1416503847036656673,473
1416503847056834775,471
1416503847077790317,471
1416503847102238364,472
1416503847122357321,474
1416503847147418191,470
1416503847167609342,471
1416503847188969954,477
1416503847213457934,472
1416503847233532897,475
1416503847253704509,470
1416503847278462668,474
1416503847299051195,471
1416503847323554456,472
1416503847343755460,472
1416503847365036886,473
1416503847389096226,470
1416503847409185226,472
1416503847430419335,472
1416503847454395703,471
1416503847475324099,472
1416503847499583162,470
1416503847520316998,472
1416503847541431241,471
1416503847565506527,472
1416503847585684614,468
1416503847610223641,469
1416503847630678835,470
1416503847651337942,472
1416503847675789501,471
1416503847696394194,472
1416503847717297289,473
1416503847740903206,471
1416503847762245932,472
1416503847786397732,472
1416503847806584064,472
1416503847826845938,478
1416503847851922605,469
1416503847872022518,471
1416503847893310645,472
1416503847917388392,472
1416503847937942571,471
1416503847962455955,469
1416503847982974508,471
1416503848003649095,474
1416503848028054949,472
1416503848048621572,476
1416503848068798797,473
1416503848093329681,471
1416503848114058450,471
1416503848138151532,471
1416503848158826800,471
1416503848183186476,473
1416503848205212453,469
1416503848224294217,471
1416503848248950980,473
1416503848269590974,467
1416503848290389506,473
1416503848314638957,473
1416503848334883921,471
1416503848356289889,473
1416503848380662374,471
1416503848400875395,472
1416503848424972315,475
1416503848445632183,470
1416503848467072971,471
1416503848490780905,471
1416503848511258776,472
1416503848532657478,473
1416503848557060638,469
1416503848576633378,473
1416503848601154249,472
1416503848621713900,472
1416503848643168945,472
1416503848666923905,473
1416503848687064021,470
1416503848711864563,471
1416503848733004537,471
1416503848753071847,472
1416503848777506197,473
1416503848797752194,470
1416503848822209676,474
1416503848842721383,471
1416503848863401748,477
1416503848888039433,472
1416503848908469305,473
1416503848932665977,471
1416503848953223498,472
1416503848974202861,471
1416503848998651698,474
1416503849019078936,472
1416503849039092367,471
1416503849064231850,472
1416503849085110820,473
1416503849109387383,472
1416503849129774127,472
1416503849150181078,466
1416503849174913748,470
1416503849195319090,472
1416503849215537283,471
1416503849239769850,472
1416503849261149680,473
1416503849285605714,468
1416503849305692101,472
1416503849326242307,471
1416503849350695465,472
1416503849371407667,474
1416503849392071118,471
1416503849415985791,471
1416503849436972785,472
1416503849461564482,467
1416503849481489119,471
1416503849502641694,469
1416503849526659954,470
1416503849547590086,472
1416503849571647743,472
1416503849592616341,472
1416503849613721313,476
1416503849637465554,470
1416503849657744048,471
1416503849678478946,471
1416503849703191462,471
1416503849723676273,480
1416503849747821638,470
1416503849768765921,471
1416503849789542003,473
1416503849813338322,472
1416503849834357990,472
1416503849854871321,468
1416503849878878143,473
1416503849899867433,471
1416503849924638911,472
1416503849944896704,473
1416503849965387614,474
1416503849989430322,471
1416503850010344561,471
1416503850030955664,480
1416503850055342491,471
1416503850076007186,472
1416503850101138870,469
1416503850121130901,473
1416503850141538948,471
1416503850165967114,473
1416503850186530729,471
1416503850210996175,474
1416503850231524475,471
1416503850253343224,471
1416503850276181543,472
1416503850297125189,472
1416503850317445959,474
1416503850341452643,469
1416503850362653353,472
1416503850387121896,467
1416503850407658119,473
1416503850429789286,471
1416503850452666287,470
1416503850472765016,471
1416503850493513338,472
1416503850517784588,470
1416503850538744296,472
1416503850563293626,472
1416503850583716752,470
1416503850605442271,472
1416503850628432218,472
1416503850649328753,472
1416503850673729341,479
1416503850694314876,469
1416503850714514662,471
1416503850738917290,472
1416503850759873109,472
1416503850784350216,472
1416503850805304556,471
1416503850825448300,471
1416503850850007468,472
1416503850870294566,471
1416503850895607286,472
1416503850915588273,474
1416503850935527626,470
1416503850960422490,473
1416503850981047014,471
1416503851001582515,471
1416503851026047600,476
1416503851046534657,469
1416503851071156281,470
1416503851091402061,473
1416503851112157636,471
1416503851136627903,474
1416503851157370122,470
1416503851177319095,473
1416503851202257141,471
1416503851222562310,472
1416503851246702541,472
1416503851267687539,475
1416503851288380923,470
1416503851312835213,471
1416503851333285552,471
1416503851353870369,471
1416503851378141168,471
1416503851398804631,469
1416503851423201636,473
1416503851443915487,471
1416503851464451063,473
1416503851488936124,471
1416503851509359060,473
1416503851533681121,471
1416503851553956482,471
1416503851574761870,472
1416503851599231335,473
1416503851619895742,473
1416503851640590581,469
1416503851664933344,472
1416503851685440651,471
1416503851709771231,473
1416503851730101984,472
1416503851750947798,468
1416503851774987263,471
1416503851795763721,473
1416503851816765564,472
1416503851841152887,472
1416503851861453867,472
1416503851886045203,470
1416503851906607149,472
1416503851927367766,471
1416503851951622419,474
1416503851972856087,471
1416503851992980943,470
1416503852017210770,471
1416503852037369122,472
1416503852062046958,472
1416503852082356558,472
1416503852103359138,470
1416503852127807334,470
1416503852148662029,473
1416503852172887145,472
1416503852192868706,472
1416503852213288949,474
1416503852238271819,469
1416503852258922917,471
1416503852279641639,471
1416503852303601519,471
1416503852325025704,472
1416503852349085250,471
1416503852369146955,471
1416503852390618355,475
1416503852414367863,471
1416503852434717263,472
1416503852455831686,474
1416503852480132213,472
1416503852500608405,467
1416503852524738383,473
1416503852545535520,471
1416503852567180199,476
1416503852590606615,470
1416503852610808306,471
1416503852635204679,471
1416503852655913854,471
1416503852676777524,472
1416503852701256866,467
1416503852721643084,472
1416503852746028438,471
1416503852766318018,472
1416503852787279900,472
1416503852811645184,475
1416503852831984110,473
1416503852856846525,471
1416503852877024867,471
1416503852897454108,472
1416503852922292102,472
1416503852942508927,469
1416503852962872559,473
1416503852987981747,473
1416503853008399011,469
1416503853032400511,471
1416503853053376690,473
1416503853073642135,470
1416503853098394175,471
1416503853119145175,471
1416503853139362994,471
1416503853163988579,473
1416503853184641798,469
1416503853208991100,473
1416503853229553272,471
1416503853249685229,473
1416503853274481238,472
1416503853294645559,470
1416503853315689968,466
1416503853339729980,472
1416503853360251710,471
1416503853385460038,472
1416503853405620911,473
1416503853426260569,471
1416503853450112665,473
1416503853471210340,472
1416503853491822797,478
1416503853516494082,476
1416503853537334474,470
1416503853560713671,470
1416503853581617094,471
1416503853602370274,472
1416503853626791383,473
1416503853646921587,469
1416503853671792476,471
1416503853693013550,472
1416503853712449711,471
1416503853736792110,473
1416503853757765025,474
1416503853778375540,470
1416503853802804254,471
1416503853823303924,471
1416503853847981841,472
1416503853869356068,471
1416503853889052985,469
1416503853913380943,471
1416503853933982877,472
1416503853954549404,472
1416503853978973358,472
1416503853999192594,477
1416503854023544652,472
1416503854044988702,472
1416503854065234036,471
1416503854089557916,471
1416503854110119611,473
1416503854130701954,469
1416503854155568694,471
1416503854175797751,473
1416503854200239863,473
1416503854221227093,472
1416503854241000303,469
1416503854265834153,472
1416503854286057758,471
1416503854310518653,472
1416503854331341701,474
1416503854352697145,475
1416503854376291535,472
1416503854397251705,467
1416503854417670999,471
1416503854441859056,472
1416503854462231874,472
1416503854487053040,469
1416503854506970947,472
1416503854528890915,471
1416503854552554835,473
1416503854573426117,471
1416503854597339251,473
1416503854617960226,470
1416503854638438362,471
1416503854662954543,472
1416503854683448464,472
1416503854708239087,472
1416503854728596641,470
1416503854749342915,473
1416503854773488280,471
1416503854794104439,474
1416503854814575795,478
1416503854839147857,471
1416503854859761421,472
1416503854884216327,471
1416503854904725835,472
1416503854924800072,472
1416503854949379385,465
