%time,field
1416503922179641063,360
1416503922200389633,360
1416503922221707527,359
1416503922245053375,361
1416503922265944744,358
1416503922286096711,358
1416503922311004923,360
1416503922331830278,359
1416503922356405748,360
1416503922376678755,359
1416503922396711773,358
1416503922421295796,360
1416503922442006841,360
1416503922462242097,360
1416503922487124542,365
1416503922507872536,358
1416503922532439540,358
1416503922552628567,356
1416503922572969884,360
1416503922597704253,361
1416503922618282181,357
1416503922638295391,361
1416503922663217825,359
1416503922684050425,362
1416503922708540866,360
1416503922728832861,357
1416503922749229498,359
1416503922773890627,359
1416503922794366508,359
1416503922818885069,360
1416503922839376701,361
1416503922860339335,359
1416503922884165591,361
1416503922904614746,359
1416503922925626910,360
1416503922949976899,362
1416503922970047327,359
1416503922995083861,359
1416503923014912515,359
1416503923036173336,359
1416503923060802888,358
1416503923080664863,360
1416503923101447249,357
1416503923125773439,360
1416503923146610218,359
1416503923170569208,360
1416503923191303547,362
1416503923213290949,359
1416503923236280090,362
1416503923257175291,359
1416503923277849777,361
1416503923301754187,363
1416503923322756521,361
1416503923347240538,359
1416503923367632590,361
1416503923389368280,360
1416503923412311791,361
1416503923433316117,357
1416503923457786789,358
1416503923478294156,360
1416503923502684652,359
1416503923523363091,358
1416503923543593703,363
1416503923567881140,358
1416503923588795731,359
1416503923609415213,361
1416503923633831174,359
1416503923654375292,362
1416503923678867563,357
1416503923699039656,359
1416503923719495266,359
1416503923744449249,359
1416503923764687733,360
1416503923785594685,361
1416503923809587545,358
1416503923830498477,359
1416503923854716186,360
1416503923875875957,364
1416503923896199959,360
1416503923920057327,357
1416503923940816981,359
1416503923961658125,359
1416503923985641383,359
1416503924007984711,360
1416503924031106662,357
1416503924052167699,359
1416503924072011905,359
1416503924096300927,360
1416503924116764038,360
1416503924141669595,360
1416503924162232529,358
1416503924182682186,361
1416503924207238156,359
1416503924228017751,361
1416503924248483765,362
1416503924272901542,359
1416503924296816215,359
1416503924317642099,360
1416503924338376952,360
1416503924358746052,356
1416503924382908426,360
1416503924403514141,359
1416503924424580826,360
1416503924448631201,360
1416503924469427454,360
1416503924493957741,361
1416503924514452129,358
1416503924535147072,359
1416503924559473171,360
1416503924580289720,359
1416503924600787451,362
1416503924625094172,361
1416503924645070000,359
1416503924670006388,360
1416503924690807164,359
1416503924711222816,360
1416503924735644706,355
1416503924755943392,358
1416503924780888920,360
1416503924801190376,359
1416503924821796252,362
1416503924846191117,363
1416503924866692592,359
1416503924886879784,364
1416503924911290425,361
1416503924932179081,360
1416503924956504687,360
1416503924976609304,357
1416503924997822121,359
1416503925021929967,359
1416503925042850962,359
1416503925063503473,360
1416503925087521726,361
1416503925107875631,359
1416503925132997453,361
1416503925153398911,360
1416503925174308165,360
1416503925198057863,359
1416503925218571209,363
1416503925239554094,359
1416503925263647788,359
1416503925284985857,360
1416503925309163485,359
1416503925329088288,357
1416503925351192810,359
1416503925374519385,359
1416503925395199409,360
1416503925419814471,362
1416503925439662597,360
1416503925464150439,358
1416503925485135263,360
1416503925505714082,359
1416503925530076680,358
1416503925550724416,362
1416503925571382806,359
1416503925596941959,359
1416503925616217135,363
1416503925640366038,359
1416503925661294936,359
1416503925681837694,360
1416503925705838907,359
1416503925726786397,360
1416503925747446942,362
1416503925771480274,359
1416503925791858348,361
1416503925816737266,358
1416503925837211543,359
1416503925857515134,358
1416503925881939918,359
1416503925902610475,375
1416503925924373673,363
1416503925947695728,357
1416503925968576843,360
1416503925992961700,361
1416503926013129907,360
1416503926033889778,361
1416503926058456785,359
1416503926079019042,361
1416503926100361763,360
1416503926124446741,360
1416503926144780871,362
1416503926169102401,360
1416503926189409981,359
1416503926210216301,363
1416503926234614469,359
1416503926255200359,360
1416503926279646942,357
1416503926300400984,359
1416503926320837872,360
1416503926345193734,359
1416503926365723212,360
1416503926386280237,357
1416503926410370291,358
1416503926431241279,359
1416503926455410954,359
1416503926476468017,359
1416503926497066226,361
1416503926521357902,357
1416503926541860098,359
1416503926562644363,360
1416503926586846462,360
1416503926607457941,362
1416503926631897067,357
1416503926652663516,358
1416503926672712360,359
1416503926697474365,360
1416503926717467266,362
1416503926738468321,362
1416503926762768118,358
1416503926783683558,361
1416503926807524579,359
1416503926828918570,364
1416503926849223800,362
1416503926873548842,357
1416503926894055980,359
1416503926918543385,360
1416503926939206835,360
1416503926959770082,359
1416503926983833690,361
1416503927004314874,359
1416503927025116263,361
1416503927049183110,359
1416503927070069461,360
1416503927094725544,362
1416503927115302930,359
1416503927136659377,358
1416503927159850320,359
1416503927180346769,359
1416503927201347859,363
1416503927225812172,360
1416503927246145305,358
1416503927270363199,360
1416503927291506809,359
1416503927311842703,359
1416503927336392835,356
1416503927356944092,359
1416503927378493641,359
1416503927401906031,359
1416503927422367700,360
1416503927446947504,362
1416503927467246615,360
1416503927492159424,360
1416503927512049959,360
1416503927533003197,360
1416503927557302902,367
1416503927577958782,357
1416503927602466097,359
1416503927622971289,359
1416503927643283706,355
1416503927668452500,360
1416503927688175305,357
1416503927709164514,358
1416503927733160622,357
1416503927754241473,360
1416503927778619330,360
1416503927798773934,360
1416503927819571008,358
1416503927844500550,361
1416503927864784055,359
1416503927885153656,360
1416503927909837601,366
1416503927930151476,355
1416503927954754137,359
1416503927975427070,360
1416503927995641013,360
1416503928020831065,359
1416503928040524629,360
1416503928061394764,357
1416503928085429879,359
1416503928106067517,360
1416503928130883757,359
1416503928151465408,363
1416503928172669128,357
1416503928196877717,359
1416503928216655005,359
1416503928241482732,360
1416503928261672440,360
1416503928282264915,360
1416503928306569722,359
1416503928327544078,361
1416503928347814438,359
1416503928372249931,362
1416503928392652636,361
1416503928417623412,358
1416503928438186336,360
1416503928458384890,359
1416503928482662894,360
1416503928503626038,362
1416503928524566373,360
1416503928548335536,358
1416503928569224233,360
1416503928593745595,359
1416503928614144622,360
1416503928634450053,357
1416503928658823219,358
1416503928679831416,359
1416503928700727044,361
1416503928724878758,359
1416503928745315065,364
1416503928769914905,361
1416503928790039601,357
1416503928810758322,360
1416503928834942599,359
1416503928855552791,363
1416503928880386632,357
1416503928900869358,358
1416503928921598343,359
1416503928946350217,360
1416503928966217656,359
1416503928986769088,361
1416503929011863047,360
1416503929032021384,359
1416503929056164635,360
1416503929076659193,360
1416503929097602750,359
1416503929121600811,359
1416503929142431341,359
1416503929163758000,359
1416503929188639603,359
1416503929208291573,359
1416503929232190254,357
1416503929253139563,358
1416503929274070566,359
1416503929298181142,361
1416503929318780724,359
1416503929339413225,360
1416503929364277158,358
1416503929384354402,359
1416503929408423108,359
1416503929429058556,359
1416503929453748931,364
1416503929474320629,358
1416503929494619756,359
1416503929519390553,360
1416503929539859834,360
1416503929564058731,361
1416503929584880030,360
1416503929605214070,359
1416503929629406080,360
1416503929650424661,360
1416503929670733785,359
1416503929695509759,362
1416503929716467608,358
1416503929740687907,360
1416503929760991348,360
1416503929781385314,360
1416503929805706863,362
1416503929826170901,360
1416503929847105118,358
1416503929871327147,361
1416503929892580399,359
1416503929916893284,359
1416503929937072293,359
1416503929957440626,361
1416503929982237542,359
1416503930002670787,359
1416503930023244445,361
1416503930047706197,361
1416503930067797407,360
1416503930092949392,359
1416503930113159562,361
1416503930133864963,359
1416503930158279056,359
1416503930178787007,356
1416503930202937203,358
1416503930223796934,358
1416503930244916443,359
1416503930268532003,359
1416503930288983409,362
1416503930310001689,360
1416503930334078788,360
1416503930354245606,360
1416503930379438123,359
1416503930399899839,360
1416503930420232084,358
1416503930445265667,360
