%time,field.ch1,field.ch2,field.ch3,field.ch4,field.ch5,field.ch6,field.ch7,field.ch8
1413812191775971438,489,482,461,442,425,406,388,379
1413812191878054094,494,480,463,448,445,510,450,414
1413812191980682301,489,482,460,442,427,458,436,416
1413812192079173469,490,485,463,442,424,435,424,412
1413812192182011610,488,482,461,441,422,420,412,404
1413812192283751924,489,485,462,443,423,413,403,397
1413812192386086739,490,481,461,442,423,409,397,391
1413812192488685493,489,488,464,444,425,408,394,387
1413812192591186112,491,482,462,443,425,407,392,384
1413812192694721877,488,490,466,446,427,409,391,382
1413812192796604345,490,484,462,444,427,408,391,381
1413812192917891892,489,491,467,452,447,513,452,416
1413812193028156891,489,483,462,444,429,459,438,418
1413812193102706056,487,490,463,443,426,436,426,415
1413812193211932556,489,483,463,443,424,422,414,406
1413812193304014072,491,474,459,440,422,413,403,398
1413812193434965387,489,482,460,441,423,409,397,392
1413812193509979968,491,466,451,437,420,405,392,386
1413812193611237596,488,482,457,438,421,404,390,383
1413812193739485014,490,459,446,432,417,401,386,379
1413812193817238124,487,482,455,435,419,402,385,377
1413812193920347953,489,464,450,438,436,505,445,410
1413812194026433087,486,481,455,435,421,452,431,412
1413812194124346721,489,490,462,439,420,431,420,408
1413812194241728779,493,483,460,439,419,416,407,400
1413812194327701958,488,482,460,440,420,410,399,394
1413812194430236228,490,480,460,440,421,407,394,388
1413812194559078498,488,469,452,436,419,404,390,382
1413812194638057673,491,479,457,438,421,404,388,380
1413812194737178638,488,457,444,431,416,400,385,377
1413812194842377524,489,484,453,434,418,401,385,376
1413812194941602097,492,463,445,435,434,504,444,408
1413812195046266696,489,482,454,433,419,452,431,412
1413812195142644534,490,467,450,430,414,425,416,405
1413812195274411927,488,483,457,435,415,412,404,398
1413812195348361447,490,477,456,436,416,406,396,391
1413812195450314480,487,483,459,438,418,404,391,385
1413812195554169912,491,482,459,439,420,403,388,382
1413812195656402305,492,482,460,440,422,404,388,380
1413812195757622962,489,482,460,441,423,405,387,378
1413812195872553082,490,483,463,448,443,510,449,414
1413812195961633305,488,481,460,441,426,456,436,415
1413812196090522628,489,481,460,440,422,433,423,412
1413812196165843427,487,481,460,440,421,419,411,404
1413812196277025501,490,480,459,440,421,411,401,396
1413812196371499640,487,482,460,440,422,408,396,390
1413812196470379722,491,480,459,440,422,406,392,385
1413812196575556837,493,478,458,439,422,405,390,382
1413812196680367785,490,483,460,441,423,405,388,380
1413812196779780261,489,484,460,441,424,406,388,379
1413812196887882665,488,492,465,449,445,511,449,414
1413812196982351654,489,483,463,443,428,458,436,416
1413812197084163798,487,489,467,445,426,436,425,413
1413812197187388639,490,482,463,444,424,421,412,405
1413812197292965358,492,493,467,447,426,415,404,398
