%time,field.ch1,field.ch2,field.ch3,field.ch4,field.ch5,field.ch6,field.ch7,field.ch8
1413812236291529704,220,218,205,210,217,236,249,256
1413812236393962940,245,108,158,188,205,221,234,244
1413812236496522307,218,218,207,214,221,226,234,240
1413812236595275214,246,152,182,203,217,223,229,235
1413812236697665153,219,218,214,219,230,229,232,237
1413812236799888586,256,206,216,226,233,232,234,237
1413812236902022780,218,218,223,230,237,237,237,239
1413812237015005558,242,121,174,210,247,366,312,284
1413812237117090142,219,213,210,219,231,294,290,282
1413812237209117641,223,77,143,180,204,247,261,266
1413812237312261538,221,213,203,209,217,237,250,257
1413812237418886617,212,93,149,181,202,219,233,245
1413812237526230901,221,216,207,211,219,225,231,242
1413812237625424198,211,143,177,198,213,220,225,234
1413812237725926842,221,224,217,221,228,228,231,235
1413812237829437526,211,197,211,222,230,231,233,235
1413812237936082351,219,227,232,242,265,376,318,286
1413812238028183808,217,215,226,234,243,303,296,285
1413812238129871398,217,240,237,240,243,274,280,279
1413812238244575133,218,218,230,239,243,258,266,270
1413812238334540423,219,214,227,237,243,249,257,262
1413812238451857590,210,217,229,238,244,248,252,258
1413812238554002735,219,219,229,239,246,247,249,254
1413812238645388882,212,217,227,238,246,246,248,251
1413812238749696800,222,222,230,240,247,247,248,249
1413812238844623059,216,217,228,238,247,247,247,249
1413812238954846887,238,226,235,249,274,384,327,296
1413812239049907902,220,217,228,238,249,309,304,294
1413812239161450379,222,233,237,242,246,280,285,285
1413812239254085430,219,218,229,239,243,260,270,274
1413812239356637399,221,237,241,245,249,255,261,266
1413812239460551675,219,217,231,241,248,251,256,261
1413812239570985801,221,236,241,248,252,252,253,257
1413812239664037102,219,218,232,242,250,250,251,254
1413812239766283078,224,232,239,245,254,251,251,253
1413812239874477143,224,218,231,242,250,250,250,252
1413812240071390472,219,216,229,240,251,311,305,296
1413812240170362006,263,188,213,229,239,274,284,285
1413812240375654962,283,135,178,206,224,239,251,262
1413812240484781933,220,221,212,221,231,238,246,253
1413812240589744638,277,82,147,185,209,221,231,241
1413812240682206777,220,217,208,212,223,227,233,239
1413812240786983744,257,61,138,177,202,213,223,231
1413812240904065048,220,218,203,209,218,222,226,231
1413812240994209630,231,230,229,236,258,371,313,284
1413812241094145853,220,218,224,231,238,298,291,282
1413812241197735459,262,191,213,225,233,266,273,274
1413812241296352342,219,218,222,229,235,252,260,265
1413812241403869876,282,132,177,206,222,236,246,254
1413812241499321920,220,213,212,221,230,236,243,248
1413812241600035595,287,84,149,185,209,221,230,239
1413812241702048706,224,214,204,211,222,226,232,237
1413812241809201133,269,56,132,172,199,211,220,229
1413812241909353249,220,217,202,207,217,221,225,230
1413812242011737770,245,75,144,185,227,351,302,275
1413812242112918504,221,218,204,208,219,282,280,273
1413812242221705375,223,119,162,188,205,243,256,260
1413812242316994791,221,219,208,213,218,236,246,253
1413812242422944955,203,165,190,206,217,228,238,246
1413812242532194832,221,215,216,222,229,232,237,242
1413812242621518950,203,205,213,223,231,232,236,240
1413812242722874291,220,218,220,229,236,236,238,241
1413812242826527408,200,222,222,231,239,238,239,241
1413812242927767650,218,214,230,243,268,378,321,290
1413812243033852063,256,218,229,236,246,306,299,289
1413812243137609363,219,218,228,236,242,274,280,281
1413812243233952865,237,217,227,236,241,258,266,271
1413812243340195519,218,221,230,238,243,251,257,262
1413812243439201804,213,148,189,213,230,238,246,254
